909
NULL 0 NULL 0
Joined 0 0,255,0,255,0,0,0,0,0,0 NULL 0 0 0 	# Joined [4a 6f 69 6e 65 64 ]
|Broken|0|1 0 0,255,0,255,0,0,0,0,0,0 NULL 0 0 0 	# Broken
字 0 0,255,0,255,0,0,0,0,0,0 NULL 0 0 0 	# 字 [5b57 ]
词 0 0,255,0,255,0,0,0,0,0,0 NULL 0 0 0 	# 词 [8bcd ]
S 0 0,255,0,255,0,0,0,0,0,0 NULL 0 0 0 	# S [53 ]
I 0 0,255,0,255,0,0,0,0,0,0 NULL 0 0 0 	# I [49 ]
D 0 0,255,0,255,0,0,0,0,0,0 NULL 0 0 0 	# D [44 ]
车 0 0,255,0,255,0,0,0,0,0,0 NULL 0 0 0 	# 车 [8f66 ]
的 0 0,255,0,255,0,0,0,0,0,0 NULL 0 0 0 	# 的 [7684 ]
在 0 0,255,0,255,0,0,0,0,0,0 NULL 0 0 0 	# 在 [5728 ]
做 0 0,255,0,255,0,0,0,0,0,0 NULL 0 0 0 	# 做 [505a ]
设 0 0,255,0,255,0,0,0,0,0,0 NULL 0 0 0 	# 设 [8bbe ]
置 0 0,255,0,255,0,0,0,0,0,0 NULL 0 0 0 	# 置 [7f6e ]
充 0 0,255,0,255,0,0,0,0,0,0 NULL 0 0 0 	# 充 [5145 ]
电 0 0,255,0,255,0,0,0,0,0,0 NULL 0 0 0 	# 电 [7535 ]
辆 0 0,255,0,255,0,0,0,0,0,0 NULL 0 0 0 	# 辆 [8f86 ]
\ 0 0,255,0,255,0,0,0,0,0,0 NULL 0 0 0 	# \ [5c ]
系 0 0,255,0,255,0,0,0,0,0,0 NULL 0 0 0 	# 系 [7cfb ]
开 0 0,255,0,255,0,0,0,0,0,0 NULL 0 0 0 	# 开 [5f00 ]
您 0 0,255,0,255,0,0,0,0,0,0 NULL 0 0 0 	# 您 [60a8 ]
门 0 0,255,0,255,0,0,0,0,0,0 NULL 0 0 0 	# 门 [95e8 ]
可 0 0,255,0,255,0,0,0,0,0,0 NULL 0 0 0 	# 可 [53ef ]
请 0 0,255,0,255,0,0,0,0,0,0 NULL 0 0 0 	# 请 [8bf7 ]
入 0 0,255,0,255,0,0,0,0,0,0 NULL 0 0 0 	# 入 [5165 ]
t 0 0,255,0,255,0,0,0,0,0,0 NULL 0 0 0 	# t [74 ]
a 0 0,255,0,255,0,0,0,0,0,0 NULL 0 0 0 	# a [61 ]
u 0 0,255,0,255,0,0,0,0,0,0 NULL 0 0 0 	# u [75 ]
s 0 0,255,0,255,0,0,0,0,0,0 NULL 0 0 0 	# s [73 ]
确 0 0,255,0,255,0,0,0,0,0,0 NULL 0 0 0 	# 确 [786e ]
器 0 0,255,0,255,0,0,0,0,0,0 NULL 0 0 0 	# 器 [5668 ]
输 0 0,255,0,255,0,0,0,0,0,0 NULL 0 0 0 	# 输 [8f93 ]
统 0 0,255,0,255,0,0,0,0,0,0 NULL 0 0 0 	# 统 [7edf ]
无 0 0,255,0,255,0,0,0,0,0,0 NULL 0 0 0 	# 无 [65e0 ]
示 0 0,255,0,255,0,0,0,0,0,0 NULL 0 0 0 	# 示 [793a ]
定 0 0,255,0,255,0,0,0,0,0,0 NULL 0 0 0 	# 定 [5b9a ]
提 0 0,255,0,255,0,0,0,0,0,0 NULL 0 0 0 	# 提 [63d0 ]
问 0 0,255,0,255,0,0,0,0,0,0 NULL 0 0 0 	# 问 [95ee ]
. 0 0,255,0,255,0,0,0,0,0,0 NULL 0 0 0 	# . [2e ]
助 0 0,255,0,255,0,0,0,0,0,0 NULL 0 0 0 	# 助 [52a9 ]
已 0 0,255,0,255,0,0,0,0,0,0 NULL 0 0 0 	# 已 [5df2 ]
经 0 0,255,0,255,0,0,0,0,0,0 NULL 0 0 0 	# 经 [7ecf ]
时 0 0,255,0,255,0,0,0,0,0,0 NULL 0 0 0 	# 时 [65f6 ]
动 0 0,255,0,255,0,0,0,0,0,0 NULL 0 0 0 	# 动 [52a8 ]
选 0 0,255,0,255,0,0,0,0,0,0 NULL 0 0 0 	# 选 [9009 ]
接 0 0,255,0,255,0,0,0,0,0,0 NULL 0 0 0 	# 接 [63a5 ]
步 0 0,255,0,255,0,0,0,0,0,0 NULL 0 0 0 	# 步 [6b65 ]
辅 0 0,255,0,255,0,0,0,0,0,0 NULL 0 0 0 	# 辅 [8f85 ]
同 0 0,255,0,255,0,0,0,0,0,0 NULL 0 0 0 	# 同 [540c ]
前 0 0,255,0,255,0,0,0,0,0,0 NULL 0 0 0 	# 前 [524d ]
不 0 0,255,0,255,0,0,0,0,0,0 NULL 0 0 0 	# 不 [4e0d ]
能 0 0,255,0,255,0,0,0,0,0,0 NULL 0 0 0 	# 能 [80fd ]
个 0 0,255,0,255,0,0,0,0,0,0 NULL 0 0 0 	# 个 [4e2a ]
连 0 0,255,0,255,0,0,0,0,0,0 NULL 0 0 0 	# 连 [8fde ]
一 0 0,255,0,255,0,0,0,0,0,0 NULL 0 0 0 	# 一 [4e00 ]
所 0 0,255,0,255,0,0,0,0,0,0 NULL 0 0 0 	# 所 [6240 ]
当 0 0,255,0,255,0,0,0,0,0,0 NULL 0 0 0 	# 当 [5f53 ]
行 0 0,255,0,255,0,0,0,0,0,0 NULL 0 0 0 	# 行 [884c ]
程 0 0,255,0,255,0,0,0,0,0,0 NULL 0 0 0 	# 程 [7a0b ]
卡 0 0,255,0,255,0,0,0,0,0,0 NULL 0 0 0 	# 卡 [5361 ]
地 0 0,255,0,255,0,0,0,0,0,0 NULL 0 0 0 	# 地 [5730 ]
警 0 0,255,0,255,0,0,0,0,0,0 NULL 0 0 0 	# 警 [8b66 ]
未 0 0,255,0,255,0,0,0,0,0,0 NULL 0 0 0 	# 未 [672a ]
现 0 0,255,0,255,0,0,0,0,0,0 NULL 0 0 0 	# 现 [73b0 ]
编 0 0,255,0,255,0,0,0,0,0,0 NULL 0 0 0 	# 编 [7f16 ]
除 0 0,255,0,255,0,0,0,0,0,0 NULL 0 0 0 	# 除 [9664 ]
删 0 0,255,0,255,0,0,0,0,0,0 NULL 0 0 0 	# 删 [5220 ]
用 0 0,255,0,255,0,0,0,0,0,0 NULL 0 0 0 	# 用 [7528 ]
名 0 0,255,0,255,0,0,0,0,0,0 NULL 0 0 0 	# 名 [540d ]
配 0 0,255,0,255,0,0,0,0,0,0 NULL 0 0 0 	# 配 [914d ]
联 0 0,255,0,255,0,0,0,0,0,0 NULL 0 0 0 	# 联 [8054 ]
线 0 0,255,0,255,0,0,0,0,0,0 NULL 0 0 0 	# 线 [7ebf ]
周 0 0,255,0,255,0,0,0,0,0,0 NULL 0 0 0 	# 周 [5468 ]
码 0 0,255,0,255,0,0,0,0,0,0 NULL 0 0 0 	# 码 [7801 ]
人 0 0,255,0,255,0,0,0,0,0,0 NULL 0 0 0 	# 人 [4eba ]
以 0 0,255,0,255,0,0,0,0,0,0 NULL 0 0 0 	# 以 [4ee5 ]
此 0 0,255,0,255,0,0,0,0,0,0 NULL 0 0 0 	# 此 [6b64 ]
数 0 0,255,0,255,0,0,0,0,0,0 NULL 0 0 0 	# 数 [6570 ]
位 0 0,255,0,255,0,0,0,0,0,0 NULL 0 0 0 	# 位 [4f4d ]
点 0 0,255,0,255,0,0,0,0,0,0 NULL 0 0 0 	# 点 [70b9 ]
法 0 0,255,0,255,0,0,0,0,0,0 NULL 0 0 0 	# 法 [6cd5 ]
据 0 0,255,0,255,0,0,0,0,0,0 NULL 0 0 0 	# 据 [636e ]
启 0 0,255,0,255,0,0,0,0,0,0 NULL 0 0 0 	# 启 [542f ]
目 0 0,255,0,255,0,0,0,0,0,0 NULL 0 0 0 	# 目 [76ee ]
按 0 0,255,0,255,0,0,0,0,0,0 NULL 0 0 0 	# 按 [6309 ]
告 0 0,255,0,255,0,0,0,0,0,0 NULL 0 0 0 	# 告 [544a ]
激 0 0,255,0,255,0,0,0,0,0,0 NULL 0 0 0 	# 激 [6fc0 ]
导 0 0,255,0,255,0,0,0,0,0,0 NULL 0 0 0 	# 导 [5bfc ]
航 0 0,255,0,255,0,0,0,0,0,0 NULL 0 0 0 	# 航 [822a ]
库 0 0,255,0,255,0,0,0,0,0,0 NULL 0 0 0 	# 库 [5e93 ]
存 0 0,255,0,255,0,0,0,0,0,0 NULL 0 0 0 	# 存 [5b58 ]
功 0 0,255,0,255,0,0,0,0,0,0 NULL 0 0 0 	# 功 [529f ]
下 0 0,255,0,255,0,0,0,0,0,0 NULL 0 0 0 	# 下 [4e0b ]
中 0 0,255,0,255,0,0,0,0,0,0 NULL 0 0 0 	# 中 [4e2d ]
亮 0 0,255,0,255,0,0,0,0,0,0 NULL 0 0 0 	# 亮 [4eae ]
瞎 0 0,255,0,255,0,0,0,0,0,0 NULL 0 0 0 	# 瞎 [778e ]
后 0 0,255,0,255,0,0,0,0,0,0 NULL 0 0 0 	# 后 [540e ]
热 0 0,255,0,255,0,0,0,0,0,0 NULL 0 0 0 	# 热 [70ed ]
活 0 0,255,0,255,0,0,0,0,0,0 NULL 0 0 0 	# 活 [6d3b ]
站 0 0,255,0,255,0,0,0,0,0,0 NULL 0 0 0 	# 站 [7ad9 ]
5 0 0,255,0,255,0,0,0,0,0,0 NULL 0 0 0 	# 5 [35 ]
2 0 0,255,0,255,0,0,0,0,0,0 NULL 0 0 0 	# 2 [32 ]
正 0 0,255,0,255,0,0,0,0,0,0 NULL 0 0 0 	# 正 [6b63 ]
备 0 0,255,0,255,0,0,0,0,0,0 NULL 0 0 0 	# 备 [5907 ]
高 0 0,255,0,255,0,0,0,0,0,0 NULL 0 0 0 	# 高 [9ad8 ]
驾 0 0,255,0,255,0,0,0,0,0,0 NULL 0 0 0 	# 驾 [9a7e ]
驶 0 0,255,0,255,0,0,0,0,0,0 NULL 0 0 0 	# 驶 [9a76 ]
为 0 0,255,0,255,0,0,0,0,0,0 NULL 0 0 0 	# 为 [4e3a ]
何 0 0,255,0,255,0,0,0,0,0,0 NULL 0 0 0 	# 何 [4f55 ]
自 0 0,255,0,255,0,0,0,0,0,0 NULL 0 0 0 	# 自 [81ea ]
认 0 0,255,0,255,0,0,0,0,0,0 NULL 0 0 0 	# 认 [8ba4 ]
是 0 0,255,0,255,0,0,0,0,0,0 NULL 0 0 0 	# 是 [662f ]
至 0 0,255,0,255,0,0,0,0,0,0 NULL 0 0 0 	# 至 [81f3 ]
保 0 0,255,0,255,0,0,0,0,0,0 NULL 0 0 0 	# 保 [4fdd ]
护 0 0,255,0,255,0,0,0,0,0,0 NULL 0 0 0 	# 护 [62a4 ]
关 0 0,255,0,255,0,0,0,0,0,0 NULL 0 0 0 	# 关 [5173 ]
座 0 0,255,0,255,0,0,0,0,0,0 NULL 0 0 0 	# 座 [5ea7 ]
机 0 0,255,0,255,0,0,0,0,0,0 NULL 0 0 0 	# 机 [673a ]
将 0 0,255,0,255,0,0,0,0,0,0 NULL 0 0 0 	# 将 [5c06 ]
取 0 0,255,0,255,0,0,0,0,0,0 NULL 0 0 0 	# 取 [53d6 ]
重 0 0,255,0,255,0,0,0,0,0,0 NULL 0 0 0 	# 重 [91cd ]
发 0 0,255,0,255,0,0,0,0,0,0 NULL 0 0 0 	# 发 [53d1 ]
要 0 0,255,0,255,0,0,0,0,0,0 NULL 0 0 0 	# 要 [8981 ]
m 0 0,255,0,255,0,0,0,0,0,0 NULL 0 0 0 	# m [6d ]
y 0 0,255,0,255,0,0,0,0,0,0 NULL 0 0 0 	# y [79 ]
A 0 0,255,0,255,0,0,0,0,0,0 NULL 0 0 0 	# A [41 ]
d 0 0,255,0,255,0,0,0,0,0,0 NULL 0 0 0 	# d [64 ]
i 0 0,255,0,255,0,0,0,0,0,0 NULL 0 0 0 	# i [69 ]
于 0 0,255,0,255,0,0,0,0,0,0 NULL 0 0 0 	# 于 [4e8e ]
应 0 0,255,0,255,0,0,0,0,0,0 NULL 0 0 0 	# 应 [5e94 ]
加 0 0,255,0,255,0,0,0,0,0,0 NULL 0 0 0 	# 加 [52a0 ]
手 0 0,255,0,255,0,0,0,0,0,0 NULL 0 0 0 	# 手 [624b ]
模 0 0,255,0,255,0,0,0,0,0,0 NULL 0 0 0 	# 模 [6a21 ]
式 0 0,255,0,255,0,0,0,0,0,0 NULL 0 0 0 	# 式 [5f0f ]
信 0 0,255,0,255,0,0,0,0,0,0 NULL 0 0 0 	# 信 [4fe1 ]
息 0 0,255,0,255,0,0,0,0,0,0 NULL 0 0 0 	# 息 [606f ]
有 0 0,255,0,255,0,0,0,0,0,0 NULL 0 0 0 	# 有 [6709 ]
服 0 0,255,0,255,0,0,0,0,0,0 NULL 0 0 0 	# 服 [670d ]
速 0 0,255,0,255,0,0,0,0,0,0 NULL 0 0 0 	# 速 [901f ]
务 0 0,255,0,255,0,0,0,0,0,0 NULL 0 0 0 	# 务 [52a1 ]
间 0 0,255,0,255,0,0,0,0,0,0 NULL 0 0 0 	# 间 [95f4 ]
称 0 0,255,0,255,0,0,0,0,0,0 NULL 0 0 0 	# 称 [79f0 ]
储 0 0,255,0,255,0,0,0,0,0,0 NULL 0 0 0 	# 储 [50a8 ]
消 0 0,255,0,255,0,0,0,0,0,0 NULL 0 0 0 	# 消 [6d88 ]
全 0 0,255,0,255,0,0,0,0,0,0 NULL 0 0 0 	# 全 [5168 ]
通 0 0,255,0,255,0,0,0,0,0,0 NULL 0 0 0 	# 通 [901a ]
新 0 0,255,0,255,0,0,0,0,0,0 NULL 0 0 0 	# 新 [65b0 ]
出 0 0,255,0,255,0,0,0,0,0,0 NULL 0 0 0 	# 出 [51fa ]
搜 0 0,255,0,255,0,0,0,0,0,0 NULL 0 0 0 	# 搜 [641c ]
索 0 0,255,0,255,0,0,0,0,0,0 NULL 0 0 0 	# 索 [7d22 ]
路 0 0,255,0,255,0,0,0,0,0,0 NULL 0 0 0 	# 路 [8def ]
更 0 0,255,0,255,0,0,0,0,0,0 NULL 0 0 0 	# 更 [66f4 ]
话 0 0,255,0,255,0,0,0,0,0,0 NULL 0 0 0 	# 话 [8bdd ]
, 0 0,255,0,255,0,0,0,0,0,0 NULL 0 0 0 	# , [2c ]
内 0 0,255,0,255,0,0,0,0,0,0 NULL 0 0 0 	# 内 [5185 ]
段 0 0,255,0,255,0,0,0,0,0,0 NULL 0 0 0 	# 段 [6bb5 ]
使 0 0,255,0,255,0,0,0,0,0,0 NULL 0 0 0 	# 使 [4f7f ]
椅 0 0,255,0,255,0,0,0,0,0,0 NULL 0 0 0 	# 椅 [6905 ]
对 0 0,255,0,255,0,0,0,0,0,0 NULL 0 0 0 	# 对 [5bf9 ]
址 0 0,255,0,255,0,0,0,0,0,0 NULL 0 0 0 	# 址 [5740 ]
如 0 0,255,0,255,0,0,0,0,0,0 NULL 0 0 0 	# 如 [5982 ]
上 0 0,255,0,255,0,0,0,0,0,0 NULL 0 0 0 	# 上 [4e0a ]
预 0 0,255,0,255,0,0,0,0,0,0 NULL 0 0 0 	# 预 [9884 ]
灯 0 0,255,0,255,0,0,0,0,0,0 NULL 0 0 0 	# 灯 [706f ]
吗 0 0,255,0,255,0,0,0,0,0,0 NULL 0 0 0 	# 吗 [5417 ]
找 0 0,255,0,255,0,0,0,0,0,0 NULL 0 0 0 	# 找 [627e ]
查 0 0,255,0,255,0,0,0,0,0,0 NULL 0 0 0 	# 查 [67e5 ]
询 0 0,255,0,255,0,0,0,0,0,0 NULL 0 0 0 	# 询 [8be2 ]
供 0 0,255,0,255,0,0,0,0,0,0 NULL 0 0 0 	# 供 [4f9b ]
户 0 0,255,0,255,0,0,0,0,0,0 NULL 0 0 0 	# 户 [6237 ]
调 0 0,255,0,255,0,0,0,0,0,0 NULL 0 0 0 	# 调 [8c03 ]
部 0 0,255,0,255,0,0,0,0,0,0 NULL 0 0 0 	# 部 [90e8 ]
n 0 0,255,0,255,0,0,0,0,0,0 NULL 0 0 0 	# n [6e ]
道 0 0,255,0,255,0,0,0,0,0,0 NULL 0 0 0 	# 道 [9053 ]
控 0 0,255,0,255,0,0,0,0,0,0 NULL 0 0 0 	# 控 [63a7 ]
择 0 0,255,0,255,0,0,0,0,0,0 NULL 0 0 0 	# 择 [62e9 ]
大 0 0,255,0,255,0,0,0,0,0,0 NULL 0 0 0 	# 大 [5927 ]
向 0 0,255,0,255,0,0,0,0,0,0 NULL 0 0 0 	# 向 [5411 ]
方 0 0,255,0,255,0,0,0,0,0,0 NULL 0 0 0 	# 方 [65b9 ]
钮 0 0,255,0,255,0,0,0,0,0,0 NULL 0 0 0 	# 钮 [94ae ]
度 0 0,255,0,255,0,0,0,0,0,0 NULL 0 0 0 	# 度 [5ea6 ]
进 0 0,255,0,255,0,0,0,0,0,0 NULL 0 0 0 	# 进 [8fdb ]
空 0 0,255,0,255,0,0,0,0,0,0 NULL 0 0 0 	# 空 [7a7a ]
匙 0 0,255,0,255,0,0,0,0,0,0 NULL 0 0 0 	# 匙 [5319 ]
停 0 0,255,0,255,0,0,0,0,0,0 NULL 0 0 0 	# 停 [505c ]
钥 0 0,255,0,255,0,0,0,0,0,0 NULL 0 0 0 	# 钥 [94a5 ]
打 0 0,255,0,255,0,0,0,0,0,0 NULL 0 0 0 	# 打 [6253 ]
号 0 0,255,0,255,0,0,0,0,0,0 NULL 0 0 0 	# 号 [53f7 ]
量 0 0,255,0,255,0,0,0,0,0,0 NULL 0 0 0 	# 量 [91cf ]
稍 0 0,255,0,255,0,0,0,0,0,0 NULL 0 0 0 	# 稍 [7a0d ]
微 0 0,255,0,255,0,0,0,0,0,0 NULL 0 0 0 	# 微 [5fae ]
闭 0 0,255,0,255,0,0,0,0,0,0 NULL 0 0 0 	# 闭 [95ed ]
侧 0 0,255,0,255,0,0,0,0,0,0 NULL 0 0 0 	# 侧 [4fa7 ]
错 0 0,255,0,255,0,0,0,0,0,0 NULL 0 0 0 	# 错 [9519 ]
过 0 0,255,0,255,0,0,0,0,0,0 NULL 0 0 0 	# 过 [8fc7 ]
或 0 0,255,0,255,0,0,0,0,0,0 NULL 0 0 0 	# 或 [6216 ]
误 0 0,255,0,255,0,0,0,0,0,0 NULL 0 0 0 	# 误 [8bef ]
并 0 0,255,0,255,0,0,0,0,0,0 NULL 0 0 0 	# 并 [5e76 ]
离 0 0,255,0,255,0,0,0,0,0,0 NULL 0 0 0 	# 离 [79bb ]
口 0 0,255,0,255,0,0,0,0,0,0 NULL 0 0 0 	# 口 [53e3 ]
制 0 0,255,0,255,0,0,0,0,0,0 NULL 0 0 0 	# 制 [5236 ]
候 0 0,255,0,255,0,0,0,0,0,0 NULL 0 0 0 	# 候 [5019 ]
始 0 0,255,0,255,0,0,0,0,0,0 NULL 0 0 0 	# 始 [59cb ]
由 0 0,255,0,255,0,0,0,0,0,0 NULL 0 0 0 	# 由 [7531 ]
油 0 0,255,0,255,0,0,0,0,0,0 NULL 0 0 0 	# 油 [6cb9 ]
仅 0 0,255,0,255,0,0,0,0,0,0 NULL 0 0 0 	# 仅 [4ec5 ]
距 0 0,255,0,255,0,0,0,0,0,0 NULL 0 0 0 	# 距 [8ddd ]
命 0 0,255,0,255,0,0,0,0,0,0 NULL 0 0 0 	# 命 [547d ]
令 0 0,255,0,255,0,0,0,0,0,0 NULL 0 0 0 	# 令 [4ee4 ]
册 0 0,255,0,255,0,0,0,0,0,0 NULL 0 0 0 	# 册 [518c ]
否 0 0,255,0,255,0,0,0,0,0,0 NULL 0 0 0 	# 否 [5426 ]
蓝 0 0,255,0,255,0,0,0,0,0,0 NULL 0 0 0 	# 蓝 [84dd ]
期 0 0,255,0,255,0,0,0,0,0,0 NULL 0 0 0 	# 期 [671f ]
它 0 0,255,0,255,0,0,0,0,0,0 NULL 0 0 0 	# 它 [5b83 ]
们 0 0,255,0,255,0,0,0,0,0,0 NULL 0 0 0 	# 们 [4eec ]
P 0 0,255,0,255,0,0,0,0,0,0 NULL 0 0 0 	# P [50 ]
U 0 0,255,0,255,0,0,0,0,0,0 NULL 0 0 0 	# U [55 ]
K 0 0,255,0,255,0,0,0,0,0,0 NULL 0 0 0 	# K [4b ]
显 0 0,255,0,255,0,0,0,0,0,0 NULL 0 0 0 	# 显 [663e ]
压 0 0,255,0,255,0,0,0,0,0,0 NULL 0 0 0 	# 压 [538b ]
牙 0 0,255,0,255,0,0,0,0,0,0 NULL 0 0 0 	# 牙 [7259 ]
明 0 0,255,0,255,0,0,0,0,0,0 NULL 0 0 0 	# 明 [660e ]
立 0 0,255,0,255,0,0,0,0,0,0 NULL 0 0 0 	# 立 [7acb ]
哪 0 0,255,0,255,0,0,0,0,0,0 NULL 0 0 0 	# 哪 [54ea ]
见 0 0,255,0,255,0,0,0,0,0,0 NULL 0 0 0 	# 见 [89c1 ]
日 0 0,255,0,255,0,0,0,0,0,0 NULL 0 0 0 	# 日 [65e5 ]
审 0 0,255,0,255,0,0,0,0,0,0 NULL 0 0 0 	# 审 [5ba1 ]
视 0 0,255,0,255,0,0,0,0,0,0 NULL 0 0 0 	# 视 [89c6 ]
望 0 0,255,0,255,0,0,0,0,0,0 NULL 0 0 0 	# 望 [671b ]
希 0 0,255,0,255,0,0,0,0,0,0 NULL 0 0 0 	# 希 [5e0c ]
区 0 0,255,0,255,0,0,0,0,0,0 NULL 0 0 0 	# 区 [533a ]
收 0 0,255,0,255,0,0,0,0,0,0 NULL 0 0 0 	# 收 [6536 ]
运 0 0,255,0,255,0,0,0,0,0,0 NULL 0 0 0 	# 运 [8fd0 ]
超 0 0,255,0,255,0,0,0,0,0,0 NULL 0 0 0 	# 超 [8d85 ]
交 0 0,255,0,255,0,0,0,0,0,0 NULL 0 0 0 	# 交 [4ea4 ]
条 0 0,255,0,255,0,0,0,0,0,0 NULL 0 0 0 	# 条 [6761 ]
载 0 0,255,0,255,0,0,0,0,0,0 NULL 0 0 0 	# 载 [8f7d ]
安 0 0,255,0,255,0,0,0,0,0,0 NULL 0 0 0 	# 安 [5b89 ]
? 0 0,255,0,255,0,0,0,0,0,0 NULL 0 0 0 	# ? [3f ]
操 0 0,255,0,255,0,0,0,0,0,0 NULL 0 0 0 	# 操 [64cd ]
化 0 0,255,0,255,0,0,0,0,0,0 NULL 0 0 0 	# 化 [5316 ]
换 0 0,255,0,255,0,0,0,0,0,0 NULL 0 0 0 	# 换 [6362 ]
建 0 0,255,0,255,0,0,0,0,0,0 NULL 0 0 0 	# 建 [5efa ]
和 0 0,255,0,255,0,0,0,0,0,0 NULL 0 0 0 	# 和 [548c ]
挂 0 0,255,0,255,0,0,0,0,0,0 NULL 0 0 0 	# 挂 [6302 ]
移 0 0,255,0,255,0,0,0,0,0,0 NULL 0 0 0 	# 移 [79fb ]
N 0 0,255,0,255,0,0,0,0,0,0 NULL 0 0 0 	# N [4e ]
照 0 0,255,0,255,0,0,0,0,0,0 NULL 0 0 0 	# 照 [7167 ]
测 0 0,255,0,255,0,0,0,0,0,0 NULL 0 0 0 	# 测 [6d4b ]
常 0 0,255,0,255,0,0,0,0,0,0 NULL 0 0 0 	# 常 [5e38 ]
牌 0 0,255,0,255,0,0,0,0,0,0 NULL 0 0 0 	# 牌 [724c ]
网 0 0,255,0,255,0,0,0,0,0,0 NULL 0 0 0 	# 网 [7f51 ]
智 0 0,255,0,255,0,0,0,0,0,0 NULL 0 0 0 	# 智 [667a ]
成 0 0,255,0,255,0,0,0,0,0,0 NULL 0 0 0 	# 成 [6210 ]
作 0 0,255,0,255,0,0,0,0,0,0 NULL 0 0 0 	# 作 [4f5c ]
品 0 0,255,0,255,0,0,0,0,0,0 NULL 0 0 0 	# 品 [54c1 ]
低 0 0,255,0,255,0,0,0,0,0,0 NULL 0 0 0 	# 低 [4f4e ]
气 0 0,255,0,255,0,0,0,0,0,0 NULL 0 0 0 	# 气 [6c14 ]
氛 0 0,255,0,255,0,0,0,0,0,0 NULL 0 0 0 	# 氛 [6c1b ]
三 0 0,255,0,255,0,0,0,0,0,0 NULL 0 0 0 	# 三 [4e09 ]
项 0 0,255,0,255,0,0,0,0,0,0 NULL 0 0 0 	# 项 [9879 ]
e 0 0,255,0,255,0,0,0,0,0,0 NULL 0 0 0 	# e [65 ]
r 0 0,255,0,255,0,0,0,0,0,0 NULL 0 0 0 	# r [72 ]
v 0 0,255,0,255,0,0,0,0,0,0 NULL 0 0 0 	# v [76 ]
b 0 0,255,0,255,0,0,0,0,0,0 NULL 0 0 0 	# b [62 ]
g 0 0,255,0,255,0,0,0,0,0,0 NULL 0 0 0 	# g [67 ]
需 0 0,255,0,255,0,0,0,0,0,0 NULL 0 0 0 	# 需 [9700 ]
持 0 0,255,0,255,0,0,0,0,0,0 NULL 0 0 0 	# 持 [6301 ]
次 0 0,255,0,255,0,0,0,0,0,0 NULL 0 0 0 	# 次 [6b21 ]
等 0 0,255,0,255,0,0,0,0,0,0 NULL 0 0 0 	# 等 [7b49 ]
改 0 0,255,0,255,0,0,0,0,0,0 NULL 0 0 0 	# 改 [6539 ]
故 0 0,255,0,255,0,0,0,0,0,0 NULL 0 0 0 	# 故 [6545 ]
检 0 0,255,0,255,0,0,0,0,0,0 NULL 0 0 0 	# 检 [68c0 ]
了 0 0,255,0,255,0,0,0,0,0,0 NULL 0 0 0 	# 了 [4e86 ]
白 0 0,255,0,255,0,0,0,0,0,0 NULL 0 0 0 	# 白 [767d ]
果 0 0,255,0,255,0,0,0,0,0,0 NULL 0 0 0 	# 果 [679c ]
B 0 0,255,0,255,0,0,0,0,0,0 NULL 0 0 0 	# B [42 ]
障 0 0,255,0,255,0,0,0,0,0,0 NULL 0 0 0 	# 障 [969c ]
城 0 0,255,0,255,0,0,0,0,0,0 NULL 0 0 0 	# 城 [57ce ]
辑 0 0,255,0,255,0,0,0,0,0,0 NULL 0 0 0 	# 辑 [8f91 ]
家 0 0,255,0,255,0,0,0,0,0,0 NULL 0 0 0 	# 家 [5bb6 ]
适 0 0,255,0,255,0,0,0,0,0,0 NULL 0 0 0 	# 适 [9002 ]
效 0 0,255,0,255,0,0,0,0,0,0 NULL 0 0 0 	# 效 [6548 ]
许 0 0,255,0,255,0,0,0,0,0,0 NULL 0 0 0 	# 许 [8bb8 ]
音 0 0,255,0,255,0,0,0,0,0,0 NULL 0 0 0 	# 音 [97f3 ]
最 0 0,255,0,255,0,0,0,0,0,0 NULL 0 0 0 	# 最 [6700 ]
插 0 0,255,0,255,0,0,0,0,0,0 NULL 0 0 0 	# 插 [63d2 ]
分 0 0,255,0,255,0,0,0,0,0,0 NULL 0 0 0 	# 分 [5206 ]
流 0 0,255,0,255,0,0,0,0,0,0 NULL 0 0 0 	# 流 [6d41 ]
排 0 0,255,0,255,0,0,0,0,0,0 NULL 0 0 0 	# 排 [6392 ]
市 0 0,255,0,255,0,0,0,0,0,0 NULL 0 0 0 	# 市 [5e02 ]
四 0 0,255,0,255,0,0,0,0,0,0 NULL 0 0 0 	# 四 [56db ]
限 0 0,255,0,255,0,0,0,0,0,0 NULL 0 0 0 	# 限 [9650 ]
即 0 0,255,0,255,0,0,0,0,0,0 NULL 0 0 0 	# 即 [5373 ]
完 0 0,255,0,255,0,0,0,0,0,0 NULL 0 0 0 	# 完 [5b8c ]
L 0 0,255,0,255,0,0,0,0,0,0 NULL 0 0 0 	# L [4c ]
E 0 0,255,0,255,0,0,0,0,0,0 NULL 0 0 0 	# E [45 ]
源 0 0,255,0,255,0,0,0,0,0,0 NULL 0 0 0 	# 源 [6e90 ]
百 0 0,255,0,255,0,0,0,0,0,0 NULL 0 0 0 	# 百 [767e ]
公 0 0,255,0,255,0,0,0,0,0,0 NULL 0 0 0 	# 公 [516c ]
1 0 0,255,0,255,0,0,0,0,0,0 NULL 0 0 0 	# 1 [31 ]
4 0 0,255,0,255,0,0,0,0,0,0 NULL 0 0 0 	# 4 [34 ]
6 0 0,255,0,255,0,0,0,0,0,0 NULL 0 0 0 	# 6 [36 ]
件 0 0,255,0,255,0,0,0,0,0,0 NULL 0 0 0 	# 件 [4ef6 ]
录 0 0,255,0,255,0,0,0,0,0,0 NULL 0 0 0 	# 录 [5f55 ]
密 0 0,255,0,255,0,0,0,0,0,0 NULL 0 0 0 	# 密 [5bc6 ]
必 0 0,255,0,255,0,0,0,0,0,0 NULL 0 0 0 	# 必 [5fc5 ]
复 0 0,255,0,255,0,0,0,0,0,0 NULL 0 0 0 	# 复 [590d ]
火 0 0,255,0,255,0,0,0,0,0,0 NULL 0 0 0 	# 火 [706b ]
紧 0 0,255,0,255,0,0,0,0,0,0 NULL 0 0 0 	# 紧 [7d27 ]
者 0 0,255,0,255,0,0,0,0,0,0 NULL 0 0 0 	# 者 [8005 ]
媒 0 0,255,0,255,0,0,0,0,0,0 NULL 0 0 0 	# 媒 [5a92 ]
夜 0 0,255,0,255,0,0,0,0,0,0 NULL 0 0 0 	# 夜 [591c ]
参 0 0,255,0,255,0,0,0,0,0,0 NULL 0 0 0 	# 参 [53c2 ]
级 0 0,255,0,255,0,0,0,0,0,0 NULL 0 0 0 	# 级 [7ea7 ]
计 0 0,255,0,255,0,0,0,0,0,0 NULL 0 0 0 	# 计 [8ba1 ]
记 0 0,255,0,255,0,0,0,0,0,0 NULL 0 0 0 	# 记 [8bb0 ]
轮 0 0,255,0,255,0,0,0,0,0,0 NULL 0 0 0 	# 轮 [8f6e ]
其 0 0,255,0,255,0,0,0,0,0,0 NULL 0 0 0 	# 其 [5176 ]
容 0 0,255,0,255,0,0,0,0,0,0 NULL 0 0 0 	# 容 [5bb9 ]
措 0 0,255,0,255,0,0,0,0,0,0 NULL 0 0 0 	# 措 [63aa ]
施 0 0,255,0,255,0,0,0,0,0,0 NULL 0 0 0 	# 施 [65bd ]
引 0 0,255,0,255,0,0,0,0,0,0 NULL 0 0 0 	# 引 [5f15 ]
这 0 0,255,0,255,0,0,0,0,0,0 NULL 0 0 0 	# 这 [8fd9 ]
便 0 0,255,0,255,0,0,0,0,0,0 NULL 0 0 0 	# 便 [4fbf ]
别 0 0,255,0,255,0,0,0,0,0,0 NULL 0 0 0 	# 别 [522b ]
读 0 0,255,0,255,0,0,0,0,0,0 NULL 0 0 0 	# 读 [8bfb ]
国 0 0,255,0,255,0,0,0,0,0,0 NULL 0 0 0 	# 国 [56fd ]
街 0 0,255,0,255,0,0,0,0,0,0 NULL 0 0 0 	# 街 [8857 ]
切 0 0,255,0,255,0,0,0,0,0,0 NULL 0 0 0 	# 切 [5207 ]
趣 0 0,255,0,255,0,0,0,0,0,0 NULL 0 0 0 	# 趣 [8da3 ]
胎 0 0,255,0,255,0,0,0,0,0,0 NULL 0 0 0 	# 胎 [80ce ]
体 0 0,255,0,255,0,0,0,0,0,0 NULL 0 0 0 	# 体 [4f53 ]
o 0 0,255,0,255,0,0,0,0,0,0 NULL 0 0 0 	# o [6f ]
兴 0 0,255,0,255,0,0,0,0,0,0 NULL 0 0 0 	# 兴 [5174 ]
须 0 0,255,0,255,0,0,0,0,0,0 NULL 0 0 0 	# 须 [987b ]
与 0 0,255,0,255,0,0,0,0,0,0 NULL 0 0 0 	# 与 [4e0e ]
员 0 0,255,0,255,0,0,0,0,0,0 NULL 0 0 0 	# 员 [5458 ]
/ 0 0,255,0,255,0,0,0,0,0,0 NULL 0 0 0 	# / [2f ]
指 0 0,255,0,255,0,0,0,0,0,0 NULL 0 0 0 	# 指 [6307 ]
代 0 0,255,0,255,0,0,0,0,0,0 NULL 0 0 0 	# 代 [4ee3 ]
范 0 0,255,0,255,0,0,0,0,0,0 NULL 0 0 0 	# 范 [8303 ]
络 0 0,255,0,255,0,0,0,0,0,0 NULL 0 0 0 	# 络 [7edc ]
秒 0 0,255,0,255,0,0,0,0,0,0 NULL 0 0 0 	# 秒 [79d2 ]
钟 0 0,255,0,255,0,0,0,0,0,0 NULL 0 0 0 	# 钟 [949f ]
盘 0 0,255,0,255,0,0,0,0,0,0 NULL 0 0 0 	# 盘 [76d8 ]
围 0 0,255,0,255,0,0,0,0,0,0 NULL 0 0 0 	# 围 [56f4 ]
待 0 0,255,0,255,0,0,0,0,0,0 NULL 0 0 0 	# 待 [5f85 ]
坑 0 0,255,0,255,0,0,0,0,0,0 NULL 0 0 0 	# 坑 [5751 ]
附 0 0,255,0,255,0,0,0,0,0,0 NULL 0 0 0 	# 附 [9644 ]
合 0 0,255,0,255,0,0,0,0,0,0 NULL 0 0 0 	# 合 [5408 ]
集 0 0,255,0,255,0,0,0,0,0,0 NULL 0 0 0 	# 集 [96c6 ]
两 0 0,255,0,255,0,0,0,0,0,0 NULL 0 0 0 	# 两 [4e24 ]
说 0 0,255,0,255,0,0,0,0,0,0 NULL 0 0 0 	# 说 [8bf4 ]
域 0 0,255,0,255,0,0,0,0,0,0 NULL 0 0 0 	# 域 [57df ]
状 0 0,255,0,255,0,0,0,0,0,0 NULL 0 0 0 	# 状 [72b6 ]
本 0 0,255,0,255,0,0,0,0,0,0 NULL 0 0 0 	# 本 [672c ]
放 0 0,255,0,255,0,0,0,0,0,0 NULL 0 0 0 	# 放 [653e ]
工 0 0,255,0,255,0,0,0,0,0,0 NULL 0 0 0 	# 工 [5de5 ]
及 0 0,255,0,255,0,0,0,0,0,0 NULL 0 0 0 	# 及 [53ca ]
近 0 0,255,0,255,0,0,0,0,0,0 NULL 0 0 0 	# 近 [8fd1 ]
静 0 0,255,0,255,0,0,0,0,0,0 NULL 0 0 0 	# 静 [9759 ]
平 0 0,255,0,255,0,0,0,0,0,0 NULL 0 0 0 	# 平 [5e73 ]
且 0 0,255,0,255,0,0,0,0,0,0 NULL 0 0 0 	# 且 [4e14 ]
任 0 0,255,0,255,0,0,0,0,0,0 NULL 0 0 0 	# 任 [4efb ]
态 0 0,255,0,255,0,0,0,0,0,0 NULL 0 0 0 	# 态 [6001 ]
些 0 0,255,0,255,0,0,0,0,0,0 NULL 0 0 0 	# 些 [4e9b ]
软 0 0,255,0,255,0,0,0,0,0,0 NULL 0 0 0 	# 软 [8f6f ]
性 0 0,255,0,255,0,0,0,0,0,0 NULL 0 0 0 	# 性 [6027 ]
拥 0 0,255,0,255,0,0,0,0,0,0 NULL 0 0 0 	# 拥 [62e5 ]
盒 0 0,255,0,255,0,0,0,0,0,0 NULL 0 0 0 	# 盒 [76d2 ]
止 0 0,255,0,255,0,0,0,0,0,0 NULL 0 0 0 	# 止 [6b62 ]
主 0 0,255,0,255,0,0,0,0,0,0 NULL 0 0 0 	# 主 [4e3b ]
注 0 0,255,0,255,0,0,0,0,0,0 NULL 0 0 0 	# 注 [6ce8 ]
帮 0 0,255,0,255,0,0,0,0,0,0 NULL 0 0 0 	# 帮 [5e2e ]
初 0 0,255,0,255,0,0,0,0,0,0 NULL 0 0 0 	# 初 [521d ]
第 0 0,255,0,255,0,0,0,0,0,0 NULL 0 0 0 	# 第 [7b2c ]
堵 0 0,255,0,255,0,0,0,0,0,0 NULL 0 0 0 	# 堵 [5835 ]
风 0 0,255,0,255,0,0,0,0,0,0 NULL 0 0 0 	# 风 [98ce ]
副 0 0,255,0,255,0,0,0,0,0,0 NULL 0 0 0 	# 副 [526f ]
该 0 0,255,0,255,0,0,0,0,0,0 NULL 0 0 0 	# 该 [8be5 ]
小 0 0,255,0,255,0,0,0,0,0,0 NULL 0 0 0 	# 小 [5c0f ]
六 0 0,255,0,255,0,0,0,0,0,0 NULL 0 0 0 	# 六 [516d ]
没 0 0,255,0,255,0,0,0,0,0,0 NULL 0 0 0 	# 没 [6ca1 ]
f 0 0,255,0,255,0,0,0,0,0,0 NULL 0 0 0 	# f [66 ]
l 0 0,255,0,255,0,0,0,0,0,0 NULL 0 0 0 	# l [6c ]
偏 0 0,255,0,255,0,0,0,0,0,0 NULL 0 0 0 	# 偏 [504f ]
少 0 0,255,0,255,0,0,0,0,0,0 NULL 0 0 0 	# 少 [5c11 ]
生 0 0,255,0,255,0,0,0,0,0,0 NULL 0 0 0 	# 生 [751f ]
添 0 0,255,0,255,0,0,0,0,0,0 NULL 0 0 0 	# 添 [6dfb ]
相 0 0,255,0,255,0,0,0,0,0,0 NULL 0 0 0 	# 相 [76f8 ]
互 0 0,255,0,255,0,0,0,0,0,0 NULL 0 0 0 	# 互 [4e92 ]
序 0 0,255,0,255,0,0,0,0,0,0 NULL 0 0 0 	# 序 [5e8f ]
允 0 0,255,0,255,0,0,0,0,0,0 NULL 0 0 0 	# 允 [5141 ]
挡 0 0,255,0,255,0,0,0,0,0,0 NULL 0 0 0 	# 挡 [6321 ]
住 0 0,255,0,255,0,0,0,0,0,0 NULL 0 0 0 	# 住 [4f4f ]
叉 0 0,255,0,255,0,0,0,0,0,0 NULL 0 0 0 	# 叉 [53c9 ]
二 0 0,255,0,255,0,0,0,0,0,0 NULL 0 0 0 	# 二 [4e8c ]
概 0 0,255,0,255,0,0,0,0,0,0 NULL 0 0 0 	# 概 [6982 ]
急 0 0,255,0,255,0,0,0,0,0,0 NULL 0 0 0 	# 急 [6025 ]
牵 0 0,255,0,255,0,0,0,0,0,0 NULL 0 0 0 	# 牵 [7275 ]
商 0 0,255,0,255,0,0,0,0,0,0 NULL 0 0 0 	# 商 [5546 ]
子 0 0,255,0,255,0,0,0,0,0,0 NULL 0 0 0 	# 子 [5b50 ]
失 0 0,255,0,255,0,0,0,0,0,0 NULL 0 0 0 	# 失 [5931 ]
私 0 0,255,0,255,0,0,0,0,0,0 NULL 0 0 0 	# 私 [79c1 ]
送 0 0,255,0,255,0,0,0,0,0,0 NULL 0 0 0 	# 送 [9001 ]
锁 0 0,255,0,255,0,0,0,0,0,0 NULL 0 0 0 	# 锁 [9501 ]
温 0 0,255,0,255,0,0,0,0,0,0 NULL 0 0 0 	# 温 [6e29 ]
右 0 0,255,0,255,0,0,0,0,0,0 NULL 0 0 0 	# 右 [53f3 ]
( 0 0,255,0,255,0,0,0,0,0,0 NULL 0 0 0 	# ( [28 ]
执 0 0,255,0,255,0,0,0,0,0,0 NULL 0 0 0 	# 执 [6267 ]
被 0 0,255,0,255,0,0,0,0,0,0 NULL 0 0 0 	# 被 [88ab ]
) 0 0,255,0,255,0,0,0,0,0,0 NULL 0 0 0 	# ) [29 ]
表 0 0,255,0,255,0,0,0,0,0,0 NULL 0 0 0 	# 表 [8868 ]
访 0 0,255,0,255,0,0,0,0,0,0 NULL 0 0 0 	# 访 [8bbf ]
里 0 0,255,0,255,0,0,0,0,0,0 NULL 0 0 0 	# 里 [91cc ]
满 0 0,255,0,255,0,0,0,0,0,0 NULL 0 0 0 	# 满 [6ee1 ]
% 0 0,255,0,255,0,0,0,0,0,0 NULL 0 0 0 	# % [25 ]
屏 0 0,255,0,255,0,0,0,0,0,0 NULL 0 0 0 	# 屏 [5c4f ]
识 0 0,255,0,255,0,0,0,0,0,0 NULL 0 0 0 	# 识 [8bc6 ]
五 0 0,255,0,255,0,0,0,0,0,0 NULL 0 0 0 	# 五 [4e94 ]
险 0 0,255,0,255,0,0,0,0,0,0 NULL 0 0 0 	# 险 [9669 ]
转 0 0,255,0,255,0,0,0,0,0,0 NULL 0 0 0 	# 转 [8f6c ]
左 0 0,255,0,255,0,0,0,0,0,0 NULL 0 0 0 	# 左 [5de6 ]
! 0 0,255,0,255,0,0,0,0,0,0 NULL 0 0 0 	# ! [21 ]
光 0 0,255,0,255,0,0,0,0,0,0 NULL 0 0 0 	# 光 [5149 ]
欢 0 0,255,0,255,0,0,0,0,0,0 NULL 0 0 0 	# 欢 [6b22 ]
回 0 0,255,0,255,0,0,0,0,0,0 NULL 0 0 0 	# 回 [56de ]
到 0 0,255,0,255,0,0,0,0,0,0 NULL 0 0 0 	# 到 [5230 ]
径 0 0,255,0,255,0,0,0,0,0,0 NULL 0 0 0 	# 径 [5f84 ]
力 0 0,255,0,255,0,0,0,0,0,0 NULL 0 0 0 	# 力 [529b ]
& 0 0,255,0,255,0,0,0,0,0,0 NULL 0 0 0 	# & [26 ]
q 0 0,255,0,255,0,0,0,0,0,0 NULL 0 0 0 	# q [71 ]
; 0 0,255,0,255,0,0,0,0,0,0 NULL 0 0 0 	# ; [3b ]
片 0 0,255,0,255,0,0,0,0,0,0 NULL 0 0 0 	# 片 [7247 ]
图 0 0,255,0,255,0,0,0,0,0,0 NULL 0 0 0 	# 图 [56fe ]
心 0 0,255,0,255,0,0,0,0,0,0 NULL 0 0 0 	# 心 [5fc3 ]
童 0 0,255,0,255,0,0,0,0,0,0 NULL 0 0 0 	# 童 [7ae5 ]
迎 0 0,255,0,255,0,0,0,0,0,0 NULL 0 0 0 	# 迎 [8fce ]
直 0 0,255,0,255,0,0,0,0,0,0 NULL 0 0 0 	# 直 [76f4 ]
播 0 0,255,0,255,0,0,0,0,0,0 NULL 0 0 0 	# 播 [64ad ]
才 0 0,255,0,255,0,0,0,0,0,0 NULL 0 0 0 	# 才 [624d ]
具 0 0,255,0,255,0,0,0,0,0,0 NULL 0 0 0 	# 具 [5177 ]
劳 0 0,255,0,255,0,0,0,0,0,0 NULL 0 0 0 	# 劳 [52b3 ]
类 0 0,255,0,255,0,0,0,0,0,0 NULL 0 0 0 	# 类 [7c7b ]
率 0 0,255,0,255,0,0,0,0,0,0 NULL 0 0 0 	# 率 [7387 ]
疲 0 0,255,0,255,0,0,0,0,0,0 NULL 0 0 0 	# 疲 [75b2 ]
0 0 0,255,0,255,0,0,0,0,0,0 NULL 0 0 0 	# 0 [30 ]
频 0 0,255,0,255,0,0,0,0,0,0 NULL 0 0 0 	# 频 [9891 ]
权 0 0,255,0,255,0,0,0,0,0,0 NULL 0 0 0 	# 权 [6743 ]
剩 0 0,255,0,255,0,0,0,0,0,0 NULL 0 0 0 	# 剩 [5269 ]
试 0 0,255,0,255,0,0,0,0,0,0 NULL 0 0 0 	# 试 [8bd5 ]
危 0 0,255,0,255,0,0,0,0,0,0 NULL 0 0 0 	# 危 [5371 ]
型 0 0,255,0,255,0,0,0,0,0,0 NULL 0 0 0 	# 型 [578b ]
多 0 0,255,0,255,0,0,0,0,0,0 NULL 0 0 0 	# 多 [591a ]
余 0 0,255,0,255,0,0,0,0,0,0 NULL 0 0 0 	# 余 [4f59 ]
池 0 0,255,0,255,0,0,0,0,0,0 NULL 0 0 0 	# 池 [6c60 ]
带 0 0,255,0,255,0,0,0,0,0,0 NULL 0 0 0 	# 带 [5e26 ]
单 0 0,255,0,255,0,0,0,0,0,0 NULL 0 0 0 	# 单 [5355 ]
会 0 0,255,0,255,0,0,0,0,0,0 NULL 0 0 0 	# 会 [4f1a ]
降 0 0,255,0,255,0,0,0,0,0,0 NULL 0 0 0 	# 降 [964d ]
例 0 0,255,0,255,0,0,0,0,0,0 NULL 0 0 0 	# 例 [4f8b ]
起 0 0,255,0,255,0,0,0,0,0,0 NULL 0 0 0 	# 起 [8d77 ]
然 0 0,255,0,255,0,0,0,0,0,0 NULL 0 0 0 	# 然 [7136 ]
燃 0 0,255,0,255,0,0,0,0,0,0 NULL 0 0 0 	# 燃 [71c3 ]
释 0 0,255,0,255,0,0,0,0,0,0 NULL 0 0 0 	# 释 [91ca ]
外 0 0,255,0,255,0,0,0,0,0,0 NULL 0 0 0 	# 外 [5916 ]
巡 0 0,255,0,255,0,0,0,0,0,0 NULL 0 0 0 	# 巡 [5de1 ]
因 0 0,255,0,255,0,0,0,0,0,0 NULL 0 0 0 	# 因 [56e0 ]
值 0 0,255,0,255,0,0,0,0,0,0 NULL 0 0 0 	# 值 [503c ]
办 0 0,255,0,255,0,0,0,0,0,0 NULL 0 0 0 	# 办 [529e ]
架 0 0,255,0,255,0,0,0,0,0,0 NULL 0 0 0 	# 架 [67b6 ]
镜 0 0,255,0,255,0,0,0,0,0,0 NULL 0 0 0 	# 镜 [955c ]
来 0 0,255,0,255,0,0,0,0,0,0 NULL 0 0 0 	# 来 [6765 ]
利 0 0,255,0,255,0,0,0,0,0,0 NULL 0 0 0 	# 利 [5229 ]
每 0 0,255,0,255,0,0,0,0,0,0 NULL 0 0 0 	# 每 [6bcf ]
舒 0 0,255,0,255,0,0,0,0,0,0 NULL 0 0 0 	# 舒 [8212 ]
先 0 0,255,0,255,0,0,0,0,0,0 NULL 0 0 0 	# 先 [5148 ]
悬 0 0,255,0,255,0,0,0,0,0,0 NULL 0 0 0 	# 悬 [60ac ]
语 0 0,255,0,255,0,0,0,0,0,0 NULL 0 0 0 	# 语 [8bed ]
装 0 0,255,0,255,0,0,0,0,0,0 NULL 0 0 0 	# 装 [88c5 ]
板 0 0,255,0,255,0,0,0,0,0,0 NULL 0 0 0 	# 板 [677f ]
包 0 0,255,0,255,0,0,0,0,0,0 NULL 0 0 0 	# 包 [5305 ]
登 0 0,255,0,255,0,0,0,0,0,0 NULL 0 0 0 	# 登 [767b ]
费 0 0,255,0,255,0,0,0,0,0,0 NULL 0 0 0 	# 费 [8d39 ]
结 0 0,255,0,255,0,0,0,0,0,0 NULL 0 0 0 	# 结 [7ed3 ]
栏 0 0,255,0,255,0,0,0,0,0,0 NULL 0 0 0 	# 栏 [680f ]
列 0 0,255,0,255,0,0,0,0,0,0 NULL 0 0 0 	# 列 [5217 ]
尚 0 0,255,0,255,0,0,0,0,0,0 NULL 0 0 0 	# 尚 [5c1a ]
他 0 0,255,0,255,0,0,0,0,0,0 NULL 0 0 0 	# 他 [4ed6 ]
续 0 0,255,0,255,0,0,0,0,0,0 NULL 0 0 0 	# 续 [7eed ]
也 0 0,255,0,255,0,0,0,0,0,0 NULL 0 0 0 	# 也 [4e5f ]
再 0 0,255,0,255,0,0,0,0,0,0 NULL 0 0 0 	# 再 [518d ]
准 0 0,255,0,255,0,0,0,0,0,0 NULL 0 0 0 	# 准 [51c6 ]
标 0 0,255,0,255,0,0,0,0,0,0 NULL 0 0 0 	# 标 [6807 ]
菜 0 0,255,0,255,0,0,0,0,0,0 NULL 0 0 0 	# 菜 [83dc ]
餐 0 0,255,0,255,0,0,0,0,0,0 NULL 0 0 0 	# 餐 [9910 ]
处 0 0,255,0,255,0,0,0,0,0,0 NULL 0 0 0 	# 处 [5904 ]
传 0 0,255,0,255,0,0,0,0,0,0 NULL 0 0 0 	# 传 [4f20 ]
跟 0 0,255,0,255,0,0,0,0,0,0 NULL 0 0 0 	# 跟 [8ddf ]
从 0 0,255,0,255,0,0,0,0,0,0 NULL 0 0 0 	# 从 [4ece ]
H 0 0,255,0,255,0,0,0,0,0,0 NULL 0 0 0 	# H [48 ]
k 0 0,255,0,255,0,0,0,0,0,0 NULL 0 0 0 	# k [6b ]
达 0 0,255,0,255,0,0,0,0,0,0 NULL 0 0 0 	# 达 [8fbe ]
断 0 0,255,0,255,0,0,0,0,0,0 NULL 0 0 0 	# 断 [65ad ]
符 0 0,255,0,255,0,0,0,0,0,0 NULL 0 0 0 	# 符 [7b26 ]
格 0 0,255,0,255,0,0,0,0,0,0 NULL 0 0 0 	# 格 [683c ]
给 0 0,255,0,255,0,0,0,0,0,0 NULL 0 0 0 	# 给 [7ed9 ]
衡 0 0,255,0,255,0,0,0,0,0,0 NULL 0 0 0 	# 衡 [8861 ]
继 0 0,255,0,255,0,0,0,0,0,0 NULL 0 0 0 	# 继 [7ee7 ]
兼 0 0,255,0,255,0,0,0,0,0,0 NULL 0 0 0 	# 兼 [517c ]
块 0 0,255,0,255,0,0,0,0,0,0 NULL 0 0 0 	# 块 [5757 ]
李 0 0,255,0,255,0,0,0,0,0,0 NULL 0 0 0 	# 李 [674e ]
M 0 0,255,0,255,0,0,0,0,0,0 NULL 0 0 0 	# M [4d ]
十 0 0,255,0,255,0,0,0,0,0,0 NULL 0 0 0 	# 十 [5341 ]
受 0 0,255,0,255,0,0,0,0,0,0 NULL 0 0 0 	# 受 [53d7 ]
套 0 0,255,0,255,0,0,0,0,0,0 NULL 0 0 0 	# 套 [5957 ]
天 0 0,255,0,255,0,0,0,0,0,0 NULL 0 0 0 	# 天 [5929 ]
头 0 0,255,0,255,0,0,0,0,0,0 NULL 0 0 0 	# 头 [5934 ]
文 0 0,255,0,255,0,0,0,0,0,0 NULL 0 0 0 	# 文 [6587 ]
香 0 0,255,0,255,0,0,0,0,0,0 NULL 0 0 0 	# 香 [9999 ]
阅 0 0,255,0,255,0,0,0,0,0,0 NULL 0 0 0 	# 阅 [9605 ]
整 0 0,255,0,255,0,0,0,0,0,0 NULL 0 0 0 	# 整 [6574 ]
之 0 0,255,0,255,0,0,0,0,0,0 NULL 0 0 0 	# 之 [4e4b ]
足 0 0,255,0,255,0,0,0,0,0,0 NULL 0 0 0 	# 足 [8db3 ]
创 0 0,255,0,255,0,0,0,0,0,0 NULL 0 0 0 	# 创 [521b ]
还 0 0,255,0,255,0,0,0,0,0,0 NULL 0 0 0 	# 还 [8fd8 ]
基 0 0,255,0,255,0,0,0,0,0,0 NULL 0 0 0 	# 基 [57fa ]
脚 0 0,255,0,255,0,0,0,0,0,0 NULL 0 0 0 	# 脚 [811a ]
捷 0 0,255,0,255,0,0,0,0,0,0 NULL 0 0 0 	# 捷 [6377 ]
解 0 0,255,0,255,0,0,0,0,0,0 NULL 0 0 0 	# 解 [89e3 ]
c 0 0,255,0,255,0,0,0,0,0,0 NULL 0 0 0 	# c [63 ]
快 0 0,255,0,255,0,0,0,0,0,0 NULL 0 0 0 	# 快 [5feb ]
档 0 0,255,0,255,0,0,0,0,0,0 NULL 0 0 0 	# 档 [6863 ]
3 0 0,255,0,255,0,0,0,0,0,0 NULL 0 0 0 	# 3 [33 ]
况 0 0,255,0,255,0,0,0,0,0,0 NULL 0 0 0 	# 况 [51b5 ]
漫 0 0,255,0,255,0,0,0,0,0,0 NULL 0 0 0 	# 漫 [6f2b ]
面 0 0,255,0,255,0,0,0,0,0,0 NULL 0 0 0 	# 面 [9762 ]
暖 0 0,255,0,255,0,0,0,0,0,0 NULL 0 0 0 	# 暖 [6696 ]
仍 0 0,255,0,255,0,0,0,0,0,0 NULL 0 0 0 	# 仍 [4ecd ]
随 0 0,255,0,255,0,0,0,0,0,0 NULL 0 0 0 	# 随 [968f ]
题 0 0,255,0,255,0,0,0,0,0,0 NULL 0 0 0 	# 题 [9898 ]
退 0 0,255,0,255,0,0,0,0,0,0 NULL 0 0 0 	# 退 [9000 ]
讯 0 0,255,0,255,0,0,0,0,0,0 NULL 0 0 0 	# 讯 [8baf ]
游 0 0,255,0,255,0,0,0,0,0,0 NULL 0 0 0 	# 游 [6e38 ]
真 0 0,255,0,255,0,0,0,0,0,0 NULL 0 0 0 	# 真 [771f ]
证 0 0,255,0,255,0,0,0,0,0,0 NULL 0 0 0 	# 证 [8bc1 ]
色 0 0,255,0,255,0,0,0,0,0,0 NULL 0 0 0 	# 色 [8272 ]
支 0 0,255,0,255,0,0,0,0,0,0 NULL 0 0 0 	# 支 [652f ]
奥 0 0,255,0,255,0,0,0,0,0,0 NULL 0 0 0 	# 奥 [5965 ]
八 0 0,255,0,255,0,0,0,0,0,0 NULL 0 0 0 	# 八 [516b ]
窗 0 0,255,0,255,0,0,0,0,0,0 NULL 0 0 0 	# 窗 [7a97 ]
迪 0 0,255,0,255,0,0,0,0,0,0 NULL 0 0 0 	# 迪 [8fea ]
反 0 0,255,0,255,0,0,0,0,0,0 NULL 0 0 0 	# 反 [53cd ]
付 0 0,255,0,255,0,0,0,0,0,0 NULL 0 0 0 	# 付 [4ed8 ]
盖 0 0,255,0,255,0,0,0,0,0,0 NULL 0 0 0 	# 盖 [76d6 ]
含 0 0,255,0,255,0,0,0,0,0,0 NULL 0 0 0 	# 含 [542b ]
监 0 0,255,0,255,0,0,0,0,0,0 NULL 0 0 0 	# 监 [76d1 ]
荐 0 0,255,0,255,0,0,0,0,0,0 NULL 0 0 0 	# 荐 [8350 ]
矩 0 0,255,0,255,0,0,0,0,0,0 NULL 0 0 0 	# 矩 [77e9 ]
馈 0 0,255,0,255,0,0,0,0,0,0 NULL 0 0 0 	# 馈 [9988 ]
p 0 0,255,0,255,0,0,0,0,0,0 NULL 0 0 0 	# p [70 ]
求 0 0,255,0,255,0,0,0,0,0,0 NULL 0 0 0 	# 求 [6c42 ]
让 0 0,255,0,255,0,0,0,0,0,0 NULL 0 0 0 	# 让 [8ba9 ]
授 0 0,255,0,255,0,0,0,0,0,0 NULL 0 0 0 	# 授 [6388 ]
束 0 0,255,0,255,0,0,0,0,0,0 NULL 0 0 0 	# 束 [675f ]
司 0 0,255,0,255,0,0,0,0,0,0 NULL 0 0 0 	# 司 [53f8 ]
算 0 0,255,0,255,0,0,0,0,0,0 NULL 0 0 0 	# 算 [7b97 ]
替 0 0,255,0,255,0,0,0,0,0,0 NULL 0 0 0 	# 替 [66ff ]
跳 0 0,255,0,255,0,0,0,0,0,0 NULL 0 0 0 	# 跳 [8df3 ]
途 0 0,255,0,255,0,0,0,0,0,0 NULL 0 0 0 	# 途 [9014 ]
推 0 0,255,0,255,0,0,0,0,0,0 NULL 0 0 0 	# 推 [63a8 ]
往 0 0,255,0,255,0,0,0,0,0,0 NULL 0 0 0 	# 往 [5f80 ]
箱 0 0,255,0,255,0,0,0,0,0,0 NULL 0 0 0 	# 箱 [7bb1 ]
像 0 0,255,0,255,0,0,0,0,0,0 NULL 0 0 0 	# 像 [50cf ]
斜 0 0,255,0,255,0,0,0,0,0,0 NULL 0 0 0 	# 斜 [659c ]
姓 0 0,255,0,255,0,0,0,0,0,0 NULL 0 0 0 	# 姓 [59d3 ]
养 0 0,255,0,255,0,0,0,0,0,0 NULL 0 0 0 	# 养 [517b ]
遥 0 0,255,0,255,0,0,0,0,0,0 NULL 0 0 0 	# 遥 [9065 ]
意 0 0,255,0,255,0,0,0,0,0,0 NULL 0 0 0 	# 意 [610f ]
约 0 0,255,0,255,0,0,0,0,0,0 NULL 0 0 0 	# 约 [7ea6 ]
长 0 0,255,0,255,0,0,0,0,0,0 NULL 0 0 0 	# 长 [957f ]
阵 0 0,255,0,255,0,0,0,0,0,0 NULL 0 0 0 	# 阵 [9635 ]
政 0 0,255,0,255,0,0,0,0,0,0 NULL 0 0 0 	# 政 [653f ]
致 0 0,255,0,255,0,0,0,0,0,0 NULL 0 0 0 	# 致 [81f4 ]
种 0 0,255,0,255,0,0,0,0,0,0 NULL 0 0 0 	# 种 [79cd ]
厂 0 0,255,0,255,0,0,0,0,0,0 NULL 0 0 0 	# 厂 [5382 ]
乘 0 0,255,0,255,0,0,0,0,0,0 NULL 0 0 0 	# 乘 [4e58 ]
额 0 0,255,0,255,0,0,0,0,0,0 NULL 0 0 0 	# 额 [989d ]
耳 0 0,255,0,255,0,0,0,0,0,0 NULL 0 0 0 	# 耳 [8033 ]
感 0 0,255,0,255,0,0,0,0,0,0 NULL 0 0 0 	# 感 [611f ]
根 0 0,255,0,255,0,0,0,0,0,0 NULL 0 0 0 	# 根 [6839 ]
管 0 0,255,0,255,0,0,0,0,0,0 NULL 0 0 0 	# 管 [7ba1 ]
呼 0 0,255,0,255,0,0,0,0,0,0 NULL 0 0 0 	# 呼 [547c ]
价 0 0,255,0,255,0,0,0,0,0,0 NULL 0 0 0 	# 价 [4ef7 ]
叫 0 0,255,0,255,0,0,0,0,0,0 NULL 0 0 0 	# 叫 [53eb ]
: 0 0,255,0,255,0,0,0,0,0,0 NULL 0 0 0 	# : [3a ]
款 0 0,255,0,255,0,0,0,0,0,0 NULL 0 0 0 	# 款 [6b3e ]
摩 0 0,255,0,255,0,0,0,0,0,0 NULL 0 0 0 	# 摩 [6469 ]
轻 0 0,255,0,255,0,0,0,0,0,0 NULL 0 0 0 	# 轻 [8f7b ]
倾 0 0,255,0,255,0,0,0,0,0,0 NULL 0 0 0 	# 倾 [503e ]
情 0 0,255,0,255,0,0,0,0,0,0 NULL 0 0 0 	# 情 [60c5 ]
驱 0 0,255,0,255,0,0,0,0,0,0 NULL 0 0 0 	# 驱 [9a71 ]
射 0 0,255,0,255,0,0,0,0,0,0 NULL 0 0 0 	# 射 [5c04 ]
声 0 0,255,0,255,0,0,0,0,0,0 NULL 0 0 0 	# 声 [58f0 ]
省 0 0,255,0,255,0,0,0,0,0,0 NULL 0 0 0 	# 省 [7701 ]
9 0 0,255,0,255,0,0,0,0,0,0 NULL 0 0 0 	# 9 [39 ]
术 0 0,255,0,255,0,0,0,0,0,0 NULL 0 0 0 	# 术 [672f ]
庭 0 0,255,0,255,0,0,0,0,0,0 NULL 0 0 0 	# 庭 [5ead ]
G 0 0,255,0,255,0,0,0,0,0,0 NULL 0 0 0 	# G [47 ]
物 0 0,255,0,255,0,0,0,0,0,0 NULL 0 0 0 	# 物 [7269 ]
星 0 0,255,0,255,0,0,0,0,0,0 NULL 0 0 0 	# 星 [661f ]
隐 0 0,255,0,255,0,0,0,0,0,0 NULL 0 0 0 	# 隐 [9690 ]
雨 0 0,255,0,255,0,0,0,0,0,0 NULL 0 0 0 	# 雨 [96e8 ]
振 0 0,255,0,255,0,0,0,0,0,0 NULL 0 0 0 	# 振 [632f ]
北 0 0,255,0,255,0,0,0,0,0,0 NULL 0 0 0 	# 北 [5317 ]
产 0 0,255,0,255,0,0,0,0,0,0 NULL 0 0 0 	# 产 [4ea7 ]
底 0 0,255,0,255,0,0,0,0,0,0 NULL 0 0 0 	# 底 [5e95 ]
短 0 0,255,0,255,0,0,0,0,0,0 NULL 0 0 0 	# 短 [77ed ]
返 0 0,255,0,255,0,0,0,0,0,0 NULL 0 0 0 	# 返 [8fd4 ]
覆 0 0,255,0,255,0,0,0,0,0,0 NULL 0 0 0 	# 覆 [8986 ]
各 0 0,255,0,255,0,0,0,0,0,0 NULL 0 0 0 	# 各 [5404 ]
共 0 0,255,0,255,0,0,0,0,0,0 NULL 0 0 0 	# 共 [5171 ]
固 0 0,255,0,255,0,0,0,0,0,0 NULL 0 0 0 	# 固 [56fa ]
规 0 0,255,0,255,0,0,0,0,0,0 NULL 0 0 0 	# 规 [89c4 ]
划 0 0,255,0,255,0,0,0,0,0,0 NULL 0 0 0 	# 划 [5212 ]
滑 0 0,255,0,255,0,0,0,0,0,0 NULL 0 0 0 	# 滑 [6ed1 ]
混 0 0,255,0,255,0,0,0,0,0,0 NULL 0 0 0 	# 混 [6df7 ]
廓 0 0,255,0,255,0,0,0,0,0,0 NULL 0 0 0 	# 廓 [5ed3 ]
几 0 0,255,0,255,0,0,0,0,0,0 NULL 0 0 0 	# 几 [51e0 ]
技 0 0,255,0,255,0,0,0,0,0,0 NULL 0 0 0 	# 技 [6280 ]
济 0 0,255,0,255,0,0,0,0,0,0 NULL 0 0 0 	# 济 [6d4e ]
简 0 0,255,0,255,0,0,0,0,0,0 NULL 0 0 0 	# 简 [7b80 ]
角 0 0,255,0,255,0,0,0,0,0,0 NULL 0 0 0 	# 角 [89d2 ]
较 0 0,255,0,255,0,0,0,0,0,0 NULL 0 0 0 	# 较 [8f83 ]
禁 0 0,255,0,255,0,0,0,0,0,0 NULL 0 0 0 	# 禁 [7981 ]
京 0 0,255,0,255,0,0,0,0,0,0 NULL 0 0 0 	# 京 [4eac ]
决 0 0,255,0,255,0,0,0,0,0,0 NULL 0 0 0 	# 决 [51b3 ]
均 0 0,255,0,255,0,0,0,0,0,0 NULL 0 0 0 	# 均 [5747 ]
溜 0 0,255,0,255,0,0,0,0,0,0 NULL 0 0 0 	# 溜 [6e9c ]
免 0 0,255,0,255,0,0,0,0,0,0 NULL 0 0 0 	# 免 [514d ]
某 0 0,255,0,255,0,0,0,0,0,0 NULL 0 0 0 	# 某 [67d0 ]
清 0 0,255,0,255,0,0,0,0,0,0 NULL 0 0 0 	# 清 [6e05 ]
去 0 0,255,0,255,0,0,0,0,0,0 NULL 0 0 0 	# 去 [53bb ]
拍 0 0,255,0,255,0,0,0,0,0,0 NULL 0 0 0 	# 拍 [62cd ]
摄 0 0,255,0,255,0,0,0,0,0,0 NULL 0 0 0 	# 摄 [6444 ]
升 0 0,255,0,255,0,0,0,0,0,0 NULL 0 0 0 	# 升 [5347 ]
书 0 0,255,0,255,0,0,0,0,0,0 NULL 0 0 0 	# 书 [4e66 ]
节 0 0,255,0,255,0,0,0,0,0,0 NULL 0 0 0 	# 节 [8282 ]
竖 0 0,255,0,255,0,0,0,0,0,0 NULL 0 0 0 	# 竖 [7ad6 ]
水 0 0,255,0,255,0,0,0,0,0,0 NULL 0 0 0 	# 水 [6c34 ]
C 0 0,255,0,255,0,0,0,0,0,0 NULL 0 0 0 	# C [43 ]
损 0 0,255,0,255,0,0,0,0,0,0 NULL 0 0 0 	# 损 [635f ]
踏 0 0,255,0,255,0,0,0,0,0,0 NULL 0 0 0 	# 踏 [8e0f ]
台 0 0,255,0,255,0,0,0,0,0,0 NULL 0 0 0 	# 台 [53f0 ]
午 0 0,255,0,255,0,0,0,0,0,0 NULL 0 0 0 	# 午 [5348 ]
雾 0 0,255,0,255,0,0,0,0,0,0 NULL 0 0 0 	# 雾 [96fe ]
辖 0 0,255,0,255,0,0,0,0,0,0 NULL 0 0 0 	# 辖 [8f96 ]
样 0 0,255,0,255,0,0,0,0,0,0 NULL 0 0 0 	# 样 [6837 ]
忆 0 0,255,0,255,0,0,0,0,0,0 NULL 0 0 0 	# 忆 [5fc6 ]
硬 0 0,255,0,255,0,0,0,0,0,0 NULL 0 0 0 	# 硬 [786c ]
阈 0 0,255,0,255,0,0,0,0,0,0 NULL 0 0 0 	# 阈 [9608 ]
远 0 0,255,0,255,0,0,0,0,0,0 NULL 0 0 0 	# 远 [8fdc ]
帐 0 0,255,0,255,0,0,0,0,0,0 NULL 0 0 0 	# 帐 [5e10 ]
橙 0 0,255,0,255,0,0,0,0,0,0 NULL 0 0 0 	# 橙 [6a59 ]
只 0 0,255,0,255,0,0,0,0,0,0 NULL 0 0 0 	# 只 [53ea ]
驻 0 0,255,0,255,0,0,0,0,0,0 NULL 0 0 0 	# 驻 [9a7b ]
柱 0 0,255,0,255,0,0,0,0,0,0 NULL 0 0 0 	# 柱 [67f1 ]
纵 0 0,255,0,255,0,0,0,0,0,0 NULL 0 0 0 	# 纵 [7eb5 ]
比 0 0,255,0,255,0,0,0,0,0,0 NULL 0 0 0 	# 比 [6bd4 ]
避 0 0,255,0,255,0,0,0,0,0,0 NULL 0 0 0 	# 避 [907f ]
差 0 0,255,0,255,0,0,0,0,0,0 NULL 0 0 0 	# 差 [5dee ]
但 0 0,255,0,255,0,0,0,0,0,0 NULL 0 0 0 	# 但 [4f46 ]
都 0 0,255,0,255,0,0,0,0,0,0 NULL 0 0 0 	# 都 [90fd ]
份 0 0,255,0,255,0,0,0,0,0,0 NULL 0 0 0 	# 份 [4efd ]
歌 0 0,255,0,255,0,0,0,0,0,0 NULL 0 0 0 	# 歌 [6b4c ]
购 0 0,255,0,255,0,0,0,0,0,0 NULL 0 0 0 	# 购 [8d2d ]
够 0 0,255,0,255,0,0,0,0,0,0 NULL 0 0 0 	# 够 [591f ]
谷 0 0,255,0,255,0,0,0,0,0,0 NULL 0 0 0 	# 谷 [8c37 ]
忽 0 0,255,0,255,0,0,0,0,0,0 NULL 0 0 0 	# 忽 [5ffd ]
挥 0 0,255,0,255,0,0,0,0,0,0 NULL 0 0 0 	# 挥 [6325 ]
击 0 0,255,0,255,0,0,0,0,0,0 NULL 0 0 0 	# 击 [51fb ]
己 0 0,255,0,255,0,0,0,0,0,0 NULL 0 0 0 	# 己 [5df1 ]
洁 0 0,255,0,255,0,0,0,0,0,0 NULL 0 0 0 	# 洁 [6d01 ]
介 0 0,255,0,255,0,0,0,0,0,0 NULL 0 0 0 	# 介 [4ecb ]
看 0 0,255,0,255,0,0,0,0,0,0 NULL 0 0 0 	# 看 [770b ]
靠 0 0,255,0,255,0,0,0,0,0,0 NULL 0 0 0 	# 靠 [9760 ]
括 0 0,255,0,255,0,0,0,0,0,0 NULL 0 0 0 	# 括 [62ec ]
乐 0 0,255,0,255,0,0,0,0,0,0 NULL 0 0 0 	# 乐 [4e50 ]
理 0 0,255,0,255,0,0,0,0,0,0 NULL 0 0 0 	# 理 [7406 ]
链 0 0,255,0,255,0,0,0,0,0,0 NULL 0 0 0 	# 链 [94fe ]
略 0 0,255,0,255,0,0,0,0,0,0 NULL 0 0 0 	# 略 [7565 ]
米 0 0,255,0,255,0,0,0,0,0,0 NULL 0 0 0 	# 米 [7c73 ]
幕 0 0,255,0,255,0,0,0,0,0,0 NULL 0 0 0 	# 幕 [5e55 ]
强 0 0,255,0,255,0,0,0,0,0,0 NULL 0 0 0 	# 强 [5f3a ]
影 0 0,255,0,255,0,0,0,0,0,0 NULL 0 0 0 	# 影 [5f71 ]
扰 0 0,255,0,255,0,0,0,0,0,0 NULL 0 0 0 	# 扰 [6270 ]
似 0 0,255,0,255,0,0,0,0,0,0 NULL 0 0 0 	# 似 [4f3c ]
殊 0 0,255,0,255,0,0,0,0,0,0 NULL 0 0 0 	# 殊 [6b8a ]
刷 0 0,255,0,255,0,0,0,0,0,0 NULL 0 0 0 	# 刷 [5237 ]
特 0 0,255,0,255,0,0,0,0,0,0 NULL 0 0 0 	# 特 [7279 ]
晚 0 0,255,0,255,0,0,0,0,0,0 NULL 0 0 0 	# 晚 [665a ]
想 0 0,255,0,255,0,0,0,0,0,0 NULL 0 0 0 	# 想 [60f3 ]
销 0 0,255,0,255,0,0,0,0,0,0 NULL 0 0 0 	# 销 [9500 ]
校 0 0,255,0,255,0,0,0,0,0,0 NULL 0 0 0 	# 校 [6821 ]
沿 0 0,255,0,255,0,0,0,0,0,0 NULL 0 0 0 	# 沿 [6cbf ]
颜 0 0,255,0,255,0,0,0,0,0,0 NULL 0 0 0 	# 颜 [989c ]
央 0 0,255,0,255,0,0,0,0,0,0 NULL 0 0 0 	# 央 [592e ]
页 0 0,255,0,255,0,0,0,0,0,0 NULL 0 0 0 	# 页 [9875 ]
仪 0 0,255,0,255,0,0,0,0,0,0 NULL 0 0 0 	# 仪 [4eea ]
7 0 0,255,0,255,0,0,0,0,0,0 NULL 0 0 0 	# 7 [37 ]
娱 0 0,255,0,255,0,0,0,0,0,0 NULL 0 0 0 	# 娱 [5a31 ]
原 0 0,255,0,255,0,0,0,0,0,0 NULL 0 0 0 	# 原 [539f ]
暂 0 0,255,0,255,0,0,0,0,0,0 NULL 0 0 0 	# 暂 [6682 ]
早 0 0,255,0,255,0,0,0,0,0,0 NULL 0 0 0 	# 早 [65e9 ]
造 0 0,255,0,255,0,0,0,0,0,0 NULL 0 0 0 	# 造 [9020 ]
刚 0 0,255,0,255,0,0,0,0,0,0 NULL 0 0 0 	# 刚 [521a ]
好 0 0,255,0,255,0,0,0,0,0,0 NULL 0 0 0 	# 好 [597d ]
则 0 0,255,0,255,0,0,0,0,0,0 NULL 0 0 0 	# 则 [5219 ]
责 0 0,255,0,255,0,0,0,0,0,0 NULL 0 0 0 	# 责 [8d23 ]
针 0 0,255,0,255,0,0,0,0,0,0 NULL 0 0 0 	# 针 [9488 ]
镇 0 0,255,0,255,0,0,0,0,0,0 NULL 0 0 0 	# 镇 [9547 ]
知 0 0,255,0,255,0,0,0,0,0,0 NULL 0 0 0 	# 知 [77e5 ]
志 0 0,255,0,255,0,0,0,0,0,0 NULL 0 0 0 	# 志 [5fd7 ]
暗 0 0,255,0,255,0,0,0,0,0,0 NULL 0 0 0 	# 暗 [6697 ]
败 0 0,255,0,255,0,0,0,0,0,0 NULL 0 0 0 	# 败 [8d25 ]
般 0 0,255,0,255,0,0,0,0,0,0 NULL 0 0 0 	# 般 [822c ]
版 0 0,255,0,255,0,0,0,0,0,0 NULL 0 0 0 	# 版 [7248 ]
报 0 0,255,0,255,0,0,0,0,0,0 NULL 0 0 0 	# 报 [62a5 ]
毕 0 0,255,0,255,0,0,0,0,0,0 NULL 0 0 0 	# 毕 [6bd5 ]
变 0 0,255,0,255,0,0,0,0,0,0 NULL 0 0 0 	# 变 [53d8 ]
柄 0 0,255,0,255,0,0,0,0,0,0 NULL 0 0 0 	# 柄 [67c4 ]
拆 0 0,255,0,255,0,0,0,0,0,0 NULL 0 0 0 	# 拆 [62c6 ]
承 0 0,255,0,255,0,0,0,0,0,0 NULL 0 0 0 	# 承 [627f ]
础 0 0,255,0,255,0,0,0,0,0,0 NULL 0 0 0 	# 础 [7840 ]
触 0 0,255,0,255,0,0,0,0,0,0 NULL 0 0 0 	# 触 [89e6 ]
村 0 0,255,0,255,0,0,0,0,0,0 NULL 0 0 0 	# 村 [6751 ]
担 0 0,255,0,255,0,0,0,0,0,0 NULL 0 0 0 	# 担 [62c5 ]
盗 0 0,255,0,255,0,0,0,0,0,0 NULL 0 0 0 	# 盗 [76d7 ]
得 0 0,255,0,255,0,0,0,0,0,0 NULL 0 0 0 	# 得 [5f97 ]
订 0 0,255,0,255,0,0,0,0,0,0 NULL 0 0 0 	# 订 [8ba2 ]
丢 0 0,255,0,255,0,0,0,0,0,0 NULL 0 0 0 	# 丢 [4e22 ]
繁 0 0,255,0,255,0,0,0,0,0,0 NULL 0 0 0 	# 繁 [7e41 ]
防 0 0,255,0,255,0,0,0,0,0,0 NULL 0 0 0 	# 防 [9632 ]
干 0 0,255,0,255,0,0,0,0,0,0 NULL 0 0 0 	# 干 [5e72 ]
构 0 0,255,0,255,0,0,0,0,0,0 NULL 0 0 0 	# 构 [6784 ]
海 0 0,255,0,255,0,0,0,0,0,0 NULL 0 0 0 	# 海 [6d77 ]
坏 0 0,255,0,255,0,0,0,0,0,0 NULL 0 0 0 	# 坏 [574f ]
恢 0 0,255,0,255,0,0,0,0,0,0 NULL 0 0 0 	# 恢 [6062 ]
季 0 0,255,0,255,0,0,0,0,0,0 NULL 0 0 0 	# 季 [5b63 ]
减 0 0,255,0,255,0,0,0,0,0,0 NULL 0 0 0 	# 减 [51cf ]
觉 0 0,255,0,255,0,0,0,0,0,0 NULL 0 0 0 	# 觉 [89c9 ]
颈 0 0,255,0,255,0,0,0,0,0,0 NULL 0 0 0 	# 颈 [9888 ]
净 0 0,255,0,255,0,0,0,0,0,0 NULL 0 0 0 	# 净 [51c0 ]
酒 0 0,255,0,255,0,0,0,0,0,0 NULL 0 0 0 	# 酒 [9152 ]
就 0 0,255,0,255,0,0,0,0,0,0 NULL 0 0 0 	# 就 [5c31 ]
客 0 0,255,0,255,0,0,0,0,0,0 NULL 0 0 0 	# 客 [5ba2 ]
框 0 0,255,0,255,0,0,0,0,0,0 NULL 0 0 0 	# 框 [6846 ]
拉 0 0,255,0,255,0,0,0,0,0,0 NULL 0 0 0 	# 拉 [62c9 ]
鸣 0 0,255,0,255,0,0,0,0,0,0 NULL 0 0 0 	# 鸣 [9e23 ]
浓 0 0,255,0,255,0,0,0,0,0,0 NULL 0 0 0 	# 浓 [6d53 ]
评 0 0,255,0,255,0,0,0,0,0,0 NULL 0 0 0 	# 评 [8bc4 ]
汽 0 0,255,0,255,0,0,0,0,0,0 NULL 0 0 0 	# 汽 [6c7d ]
桥 0 0,255,0,255,0,0,0,0,0,0 NULL 0 0 0 	# 桥 [6865 ]
实 0 0,255,0,255,0,0,0,0,0,0 NULL 0 0 0 	# 实 [5b9e ]
首 0 0,255,0,255,0,0,0,0,0,0 NULL 0 0 0 	# 首 [9996 ]
述 0 0,255,0,255,0,0,0,0,0,0 NULL 0 0 0 	# 述 [8ff0 ]
缩 0 0,255,0,255,0,0,0,0,0,0 NULL 0 0 0 	# 缩 [7f29 ]
體 0 0,255,0,255,0,0,0,0,0,0 NULL 0 0 0 	# 體 [9ad4 ]
儿 0 0,255,0,255,0,0,0,0,0,0 NULL 0 0 0 	# 儿 [513f ]
西 0 0,255,0,255,0,0,0,0,0,0 NULL 0 0 0 	# 西 [897f ]
仙 0 0,255,0,255,0,0,0,0,0,0 NULL 0 0 0 	# 仙 [4ed9 ]
象 0 0,255,0,255,0,0,0,0,0,0 NULL 0 0 0 	# 象 [8c61 ]
醒 0 0,255,0,255,0,0,0,0,0,0 NULL 0 0 0 	# 醒 [9192 ]
修 0 0,255,0,255,0,0,0,0,0,0 NULL 0 0 0 	# 修 [4fee ]
绪 0 0,255,0,255,0,0,0,0,0,0 NULL 0 0 0 	# 绪 [7eea ]
蓄 0 0,255,0,255,0,0,0,0,0,0 NULL 0 0 0 	# 蓄 [84c4 ]
延 0 0,255,0,255,0,0,0,0,0,0 NULL 0 0 0 	# 延 [5ef6 ]
8 0 0,255,0,255,0,0,0,0,0,0 NULL 0 0 0 	# 8 [38 ]
演 0 0,255,0,255,0,0,0,0,0,0 NULL 0 0 0 	# 演 [6f14 ]
野 0 0,255,0,255,0,0,0,0,0,0 NULL 0 0 0 	# 野 [91ce ]
液 0 0,255,0,255,0,0,0,0,0,0 NULL 0 0 0 	# 液 [6db2 ]
艺 0 0,255,0,255,0,0,0,0,0,0 NULL 0 0 0 	# 艺 [827a ]
邮 0 0,255,0,255,0,0,0,0,0,0 NULL 0 0 0 	# 邮 [90ae ]
宇 0 0,255,0,255,0,0,0,0,0,0 NULL 0 0 0 	# 宇 [5b87 ]
越 0 0,255,0,255,0,0,0,0,0,0 NULL 0 0 0 	# 越 [8d8a ]
折 0 0,255,0,255,0,0,0,0,0,0 NULL 0 0 0 	# 折 [6298 ]
纸 0 0,255,0,255,0,0,0,0,0,0 NULL 0 0 0 	# 纸 [7eb8 ]
质 0 0,255,0,255,0,0,0,0,0,0 NULL 0 0 0 	# 质 [8d28 ]
终 0 0,255,0,255,0,0,0,0,0,0 NULL 0 0 0 	# 终 [7ec8 ]
宙 0 0,255,0,255,0,0,0,0,0,0 NULL 0 0 0 	# 宙 [5b99 ]
骤 0 0,255,0,255,0,0,0,0,0,0 NULL 0 0 0 	# 骤 [9aa4 ]
专 0 0,255,0,255,0,0,0,0,0,0 NULL 0 0 0 	# 专 [4e13 ]
庄 0 0,255,0,255,0,0,0,0,0,0 NULL 0 0 0 	# 庄 [5e84 ]
阿 0 0,255,0,255,0,0,0,0,0,0 NULL 0 0 0 	# 阿 [963f ]
把 0 0,255,0,255,0,0,0,0,0,0 NULL 0 0 0 	# 把 [628a ]
薄 0 0,255,0,255,0,0,0,0,0,0 NULL 0 0 0 	# 薄 [8584 ]
杯 0 0,255,0,255,0,0,0,0,0,0 NULL 0 0 0 	# 杯 [676f ]
伯 0 0,255,0,255,0,0,0,0,0,0 NULL 0 0 0 	# 伯 [4f2f ]
泊 0 0,255,0,255,0,0,0,0,0,0 NULL 0 0 0 	# 泊 [6cca ]
采 0 0,255,0,255,0,0,0,0,0,0 NULL 0 0 0 	# 采 [91c7 ]
藏 0 0,255,0,255,0,0,0,0,0,0 NULL 0 0 0 	# 藏 [85cf ]
尝 0 0,255,0,255,0,0,0,0,0,0 NULL 0 0 0 	# 尝 [5c1d ]
答 0 0,255,0,255,0,0,0,0,0,0 NULL 0 0 0 	# 答 [7b54 ]
旦 0 0,255,0,255,0,0,0,0,0,0 NULL 0 0 0 	# 旦 [65e6 ]
淡 0 0,255,0,255,0,0,0,0,0,0 NULL 0 0 0 	# 淡 [6de1 ]
店 0 0,255,0,255,0,0,0,0,0,0 NULL 0 0 0 	# 店 [5e97 ]
T 0 0,255,0,255,0,0,0,0,0,0 NULL 0 0 0 	# T [54 ]
淀 0 0,255,0,255,0,0,0,0,0,0 NULL 0 0 0 	# 淀 [6dc0 ]
顶 0 0,255,0,255,0,0,0,0,0,0 NULL 0 0 0 	# 顶 [9876 ]
冬 0 0,255,0,255,0,0,0,0,0,0 NULL 0 0 0 	# 冬 [51ac ]
端 0 0,255,0,255,0,0,0,0,0,0 NULL 0 0 0 	# 端 [7aef ]
队 0 0,255,0,255,0,0,0,0,0,0 NULL 0 0 0 	# 队 [961f ]
而 0 0,255,0,255,0,0,0,0,0,0 NULL 0 0 0 	# 而 [800c ]
伏 0 0,255,0,255,0,0,0,0,0,0 NULL 0 0 0 	# 伏 [4f0f ]
杆 0 0,255,0,255,0,0,0,0,0,0 NULL 0 0 0 	# 杆 [6746 ]
隔 0 0,255,0,255,0,0,0,0,0,0 NULL 0 0 0 	# 隔 [9694 ]
恭 0 0,255,0,255,0,0,0,0,0,0 NULL 0 0 0 	# 恭 [606d ]
估 0 0,255,0,255,0,0,0,0,0,0 NULL 0 0 0 	# 估 [4f30 ]
拐 0 0,255,0,255,0,0,0,0,0,0 NULL 0 0 0 	# 拐 [62d0 ]
广 0 0,255,0,255,0,0,0,0,0,0 NULL 0 0 0 	# 广 [5e7f ]
韩 0 0,255,0,255,0,0,0,0,0,0 NULL 0 0 0 	# 韩 [97e9 ]
贺 0 0,255,0,255,0,0,0,0,0,0 NULL 0 0 0 	# 贺 [8d3a ]
红 0 0,255,0,255,0,0,0,0,0,0 NULL 0 0 0 	# 红 [7ea2 ]
环 0 0,255,0,255,0,0,0,0,0,0 NULL 0 0 0 	# 环 [73af ]
幻 0 0,255,0,255,0,0,0,0,0,0 NULL 0 0 0 	# 幻 [5e7b ]
灰 0 0,255,0,255,0,0,0,0,0,0 NULL 0 0 0 	# 灰 [7070 ]
获 0 0,255,0,255,0,0,0,0,0,0 NULL 0 0 0 	# 获 [83b7 ]
极 0 0,255,0,255,0,0,0,0,0,0 NULL 0 0 0 	# 极 [6781 ]
际 0 0,255,0,255,0,0,0,0,0,0 NULL 0 0 0 	# 际 [9645 ]
佳 0 0,255,0,255,0,0,0,0,0,0 NULL 0 0 0 	# 佳 [4f73 ]
健 0 0,255,0,255,0,0,0,0,0,0 NULL 0 0 0 	# 健 [5065 ]
键 0 0,255,0,255,0,0,0,0,0,0 NULL 0 0 0 	# 键 [952e ]
尽 0 0,255,0,255,0,0,0,0,0,0 NULL 0 0 0 	# 尽 [5c3d ]
精 0 0,255,0,255,0,0,0,0,0,0 NULL 0 0 0 	# 精 [7cbe ]
景 0 0,255,0,255,0,0,0,0,0,0 NULL 0 0 0 	# 景 [666f ]
境 0 0,255,0,255,0,0,0,0,0,0 NULL 0 0 0 	# 境 [5883 ]
救 0 0,255,0,255,0,0,0,0,0,0 NULL 0 0 0 	# 救 [6551 ]
拒 0 0,255,0,255,0,0,0,0,0,0 NULL 0 0 0 	# 拒 [62d2 ]
绝 0 0,255,0,255,0,0,0,0,0,0 NULL 0 0 0 	# 绝 [7edd ]
瞰 0 0,255,0,255,0,0,0,0,0,0 NULL 0 0 0 	# 瞰 [77b0 ]
考 0 0,255,0,255,0,0,0,0,0,0 NULL 0 0 0 	# 考 [8003 ]
科 0 0,255,0,255,0,0,0,0,0,0 NULL 0 0 0 	# 科 [79d1 ]
朗 0 0,255,0,255,0,0,0,0,0,0 NULL 0 0 0 	# 朗 [6717 ]
勒 0 0,255,0,255,0,0,0,0,0,0 NULL 0 0 0 	# 勒 [52d2 ]
历 0 0,255,0,255,0,0,0,0,0,0 NULL 0 0 0 	# 历 [5386 ]
良 0 0,255,0,255,0,0,0,0,0,0 NULL 0 0 0 	# 良 [826f ]
临 0 0,255,0,255,0,0,0,0,0,0 NULL 0 0 0 	# 临 [4e34 ]
零 0 0,255,0,255,0,0,0,0,0,0 NULL 0 0 0 	# 零 [96f6 ]
罗 0 0,255,0,255,0,0,0,0,0,0 NULL 0 0 0 	# 罗 [7f57 ]
虑 0 0,255,0,255,0,0,0,0,0,0 NULL 0 0 0 	# 虑 [8651 ]
绿 0 0,255,0,255,0,0,0,0,0,0 NULL 0 0 0 	# 绿 [7eff ]
马 0 0,255,0,255,0,0,0,0,0,0 NULL 0 0 0 	# 马 [9a6c ]
买 0 0,255,0,255,0,0,0,0,0,0 NULL 0 0 0 	# 买 [4e70 ]
慢 0 0,255,0,255,0,0,0,0,0,0 NULL 0 0 0 	# 慢 [6162 ]
描 0 0,255,0,255,0,0,0,0,0,0 NULL 0 0 0 	# 描 [63cf ]
那 0 0,255,0,255,0,0,0,0,0,0 NULL 0 0 0 	# 那 [90a3 ]
南 0 0,255,0,255,0,0,0,0,0,0 NULL 0 0 0 	# 南 [5357 ]
脑 0 0,255,0,255,0,0,0,0,0,0 NULL 0 0 0 	# 脑 [8111 ]
鸟 0 0,255,0,255,0,0,0,0,0,0 NULL 0 0 0 	# 鸟 [9e1f ]
批 0 0,255,0,255,0,0,0,0,0,0 NULL 0 0 0 	# 批 [6279 ]
匹 0 0,255,0,255,0,0,0,0,0,0 NULL 0 0 0 	# 匹 [5339 ]
拼 0 0,255,0,255,0,0,0,0,0,0 NULL 0 0 0 	# 拼 [62fc ]
坡 0 0,255,0,255,0,0,0,0,0,0 NULL 0 0 0 	# 坡 [5761 ]
铺 0 0,255,0,255,0,0,0,0,0,0 NULL 0 0 0 	# 铺 [94fa ]
普 0 0,255,0,255,0,0,0,0,0,0 NULL 0 0 0 	# 普 [666e ]
企 0 0,255,0,255,0,0,0,0,0,0 NULL 0 0 0 	# 企 [4f01 ]
扫 0 0,255,0,255,0,0,0,0,0,0 NULL 0 0 0 	# 扫 [626b ]
涉 0 0,255,0,255,0,0,0,0,0,0 NULL 0 0 0 	# 涉 [6d89 ]
事 0 0,255,0,255,0,0,0,0,0,0 NULL 0 0 0 	# 事 [4e8b ]
守 0 0,255,0,255,0,0,0,0,0,0 NULL 0 0 0 	# 守 [5b88 ]
双 0 0,255,0,255,0,0,0,0,0,0 NULL 0 0 0 	# 双 [53cc ]
谁 0 0,255,0,255,0,0,0,0,0,0 NULL 0 0 0 	# 谁 [8c01 ]
W 0 0,255,0,255,0,0,0,0,0,0 NULL 0 0 0 	# W [57 ]
松 0 0,255,0,255,0,0,0,0,0,0 NULL 0 0 0 	# 松 [677e ]
贴 0 0,255,0,255,0,0,0,0,0,0 NULL 0 0 0 	# 贴 [8d34 ]
弯 0 0,255,0,255,0,0,0,0,0,0 NULL 0 0 0 	# 弯 [5f2f ]
湾 0 0,255,0,255,0,0,0,0,0,0 NULL 0 0 0 	# 湾 [6e7e ]
灣 0 0,255,0,255,0,0,0,0,0,0 NULL 0 0 0 	# 灣 [7063 ]
忘 0 0,255,0,255,0,0,0,0,0,0 NULL 0 0 0 	# 忘 [5fd8 ]
稳 0 0,255,0,255,0,0,0,0,0,0 NULL 0 0 0 	# 稳 [7a33 ]
勿 0 0,255,0,255,0,0,0,0,0,0 NULL 0 0 0 	# 勿 [52ff ]
稀 0 0,255,0,255,0,0,0,0,0,0 NULL 0 0 0 	# 稀 [7a00 ]
喜 0 0,255,0,255,0,0,0,0,0,0 NULL 0 0 0 	# 喜 [559c ]
夏 0 0,255,0,255,0,0,0,0,0,0 NULL 0 0 0 	# 夏 [590f ]
县 0 0,255,0,255,0,0,0,0,0,0 NULL 0 0 0 	# 县 [53bf ]
写 0 0,255,0,255,0,0,0,0,0,0 NULL 0 0 0 	# 写 [5199 ]
休 0 0,255,0,255,0,0,0,0,0,0 NULL 0 0 0 	# 休 [4f11 ]
眩 0 0,255,0,255,0,0,0,0,0,0 NULL 0 0 0 	# 眩 [7729 ]
业 0 0,255,0,255,0,0,0,0,0,0 NULL 0 0 0 	# 业 [4e1a ]
议 0 0,255,0,255,0,0,0,0,0,0 NULL 0 0 0 	# 议 [8bae ]
尤 0 0,255,0,255,0,0,0,0,0,0 NULL 0 0 0 	# 尤 [5c24 ]
語 0 0,255,0,255,0,0,0,0,0,0 NULL 0 0 0 	# 語 [8a9e ]
援 0 0,255,0,255,0,0,0,0,0,0 NULL 0 0 0 	# 援 [63f4 ]
遭 0 0,255,0,255,0,0,0,0,0,0 NULL 0 0 0 	# 遭 [906d ]
占 0 0,255,0,255,0,0,0,0,0,0 NULL 0 0 0 	# 占 [5360 ]
轴 0 0,255,0,255,0,0,0,0,0,0 NULL 0 0 0 	# 轴 [8f74 ]
祝 0 0,255,0,255,0,0,0,0,0,0 NULL 0 0 0 	# 祝 [795d ]
撞 0 0,255,0,255,0,0,0,0,0,0 NULL 0 0 0 	# 撞 [649e ]
追 0 0,255,0,255,0,0,0,0,0,0 NULL 0 0 0 	# 追 [8ffd ]
总 0 0,255,0,255,0,0,0,0,0,0 NULL 0 0 0 	# 总 [603b ]
遵 0 0,255,0,255,0,0,0,0,0,0 NULL 0 0 0 	# 遵 [9075 ]
拖 0 0,255,0,255,0,0,0,0,0,0 NULL 0 0 0 	# 拖 [62d6 ]
阀 0 0,255,0,255,0,0,0,0,0,0 NULL 0 0 0 	# 阀 [9600 ]
震 0 0,255,0,255,0,0,0,0,0,0 NULL 0 0 0 	# 震 [9707 ]
默 0 0,255,0,255,0,0,0,0,0,0 NULL 0 0 0 	# 默 [9ed8 ]
塞 0 0,255,0,255,0,0,0,0,0,0 NULL 0 0 0 	# 塞 [585e ]
绕 0 0,255,0,255,0,0,0,0,0,0 NULL 0 0 0 	# 绕 [7ed5 ]
畅 0 0,255,0,255,0,0,0,0,0,0 NULL 0 0 0 	# 畅 [7545 ]
